#T volume alpha alpha_xx alpha_yy alpha_zz alpha_yz alpha_zy alpha_xz alpha_zx alpha_xy alpha_yx
5.0  10.983546   5.8969e-09   6.0530e-09   6.0530e-09   6.0530e-09  -1.0748e-25  -1.0748e-25  -1.0748e-25   1.0748e-25   1.0748e-25   1.0748e-25
10.0  10.983548   1.2525e-08   1.2493e-08   1.2493e-08   1.2493e-08  -1.5175e-26  -1.5175e-26  -1.5175e-26   1.5175e-26   1.5175e-26   1.5175e-26
15.0  10.983550   2.0803e-08   2.0734e-08   2.0734e-08   2.0734e-08   5.1942e-26   2.4588e-24   5.1942e-26   1.2262e-24   1.2262e-24   1.2262e-24
20.0  10.983555   3.4481e-08   3.4360e-08   3.4360e-08   3.4360e-08   3.9125e-25   3.9125e-25   3.9125e-25  -3.9125e-25  -3.9125e-25  -3.9125e-25
25.0  10.983563   6.9162e-08   6.9176e-08   6.9176e-08   6.9176e-08   1.8703e-24   1.8703e-24   1.8703e-24  -1.8703e-24  -1.8703e-24  -1.8703e-24
30.0  10.983580   1.5401e-07   1.5411e-07   1.5411e-07   1.5411e-07   2.2498e-24   1.9201e-23   2.2498e-24   9.1270e-24   9.1270e-24   9.1270e-24
35.0  10.983618   3.1763e-07   3.1773e-07   3.1773e-07   3.1773e-07  -1.0532e-23  -1.0532e-23  -1.0532e-23   1.0532e-23   1.0532e-23   1.0532e-23
40.0  10.983690   5.7491e-07   5.7498e-07   5.7498e-07   5.7498e-07  -5.5502e-24  -5.5502e-24  -5.5502e-24   5.5502e-24   5.5502e-24   5.5502e-24
45.0  10.983813   9.2431e-07   9.2434e-07   9.2434e-07   9.2434e-07   1.2563e-23   8.7742e-23   1.2563e-23   1.0867e-22   1.0867e-22   1.0867e-22
50.0  10.983999   1.3523e-06   1.3523e-06   1.3523e-06   1.3523e-06  -3.8792e-23  -3.8792e-23  -3.8792e-23   3.8792e-23   3.8792e-23   3.8792e-23
55.0  10.984261   1.8396e-06   1.8396e-06   1.8396e-06   1.8396e-06  -1.4704e-22   2.1330e-22  -1.4704e-22   1.7863e-22   1.7863e-22   1.7863e-22
60.0  10.984607   2.3658e-06   2.3658e-06   2.3658e-06   2.3658e-06   1.7639e-23   1.7639e-23   1.7639e-23  -1.7639e-23  -1.7639e-23  -1.7639e-23
65.0  10.985042   2.9124e-06   2.9123e-06   2.9123e-06   2.9123e-06   1.4637e-24   1.4637e-24   1.4637e-24  -1.4637e-24  -1.4637e-24  -1.4637e-24
70.0  10.985568   3.4642e-06   3.4642e-06   3.4642e-06   3.4642e-06   2.5444e-23   2.5444e-23   2.5444e-23  -2.5444e-23  -2.5444e-23  -2.5444e-23
75.0  10.986183   4.0095e-06   4.0095e-06   4.0095e-06   4.0095e-06  -1.4691e-22  -1.4691e-22  -1.4691e-22   1.4691e-22   1.4691e-22   1.4691e-22
80.0  10.986888   4.5400e-06   4.5399e-06   4.5399e-06   4.5399e-06   1.4139e-22   1.4139e-22   1.4139e-22  -1.4139e-22  -1.4139e-22  -1.4139e-22
85.0  10.987679   5.0498e-06   5.0498e-06   5.0498e-06   5.0498e-06  -3.1095e-23  -3.1095e-23  -3.1095e-23   3.1095e-23   3.1095e-23   3.1095e-23
90.0  10.988551   5.5354e-06   5.5354e-06   5.5354e-06   5.5354e-06  -3.6069e-23   6.2483e-22  -3.6069e-23   3.4089e-22   3.4089e-22   3.4089e-22
95.0  10.989502   5.9950e-06   5.9950e-06   5.9950e-06   5.9950e-06   1.4982e-22   1.4982e-22   1.4982e-22  -1.4982e-22  -1.4982e-22  -1.4982e-22
100.0  10.990526   6.4278e-06   6.4278e-06   6.4278e-06   6.4278e-06  -3.8177e-23  -3.8177e-23  -3.8177e-23   3.8177e-23   3.8177e-23   3.8177e-23
105.0  10.991620   6.8339e-06   6.8339e-06   6.8339e-06   6.8339e-06  -1.5971e-22  -1.5971e-22  -1.5971e-22   1.5971e-22   1.5971e-22   1.5971e-22
110.0  10.992778   7.2141e-06   7.2141e-06   7.2141e-06   7.2141e-06   1.0970e-22   1.0970e-22   1.0970e-22  -1.0970e-22  -1.0970e-22  -1.0970e-22
115.0  10.993998   7.5696e-06   7.5695e-06   7.5695e-06   7.5695e-06   1.5256e-23   1.5256e-23   1.5256e-23  -1.5256e-23  -1.5256e-23  -1.5256e-23
120.0  10.995274   7.9015e-06   7.9015e-06   7.9015e-06   7.9015e-06  -3.5144e-22  -3.5144e-22  -3.5144e-22   3.5144e-22   3.5144e-22   3.5144e-22
125.0  10.996603   8.2113e-06   8.2113e-06   8.2113e-06   8.2113e-06   2.0163e-22   2.0163e-22   2.0163e-22  -2.0163e-22  -2.0163e-22  -2.0163e-22
130.0  10.997982   8.5006e-06   8.5006e-06   8.5006e-06   8.5006e-06  -1.1344e-22  -1.1344e-22  -1.1344e-22   1.1344e-22   1.1344e-22   1.1344e-22
135.0  10.999407   8.7708e-06   8.7708e-06   8.7708e-06   8.7708e-06  -2.6160e-22  -2.6160e-22  -2.6160e-22   2.6160e-22   2.6160e-22   2.6160e-22
140.0  11.000875   9.0233e-06   9.0233e-06   9.0233e-06   9.0233e-06   1.4604e-22   1.4604e-22   1.4604e-22  -1.4604e-22  -1.4604e-22  -1.4604e-22
145.0  11.002384   9.2595e-06   9.2595e-06   9.2595e-06   9.2595e-06   7.6712e-24   7.6712e-24   7.6712e-24  -7.6712e-24  -7.6712e-24  -7.6712e-24
150.0  11.003930   9.4806e-06   9.4806e-06   9.4806e-06   9.4806e-06  -3.9627e-22  -3.9627e-22  -3.9627e-22   3.9627e-22   3.9627e-22   3.9627e-22
155.0  11.005513   9.6879e-06   9.6879e-06   9.6879e-06   9.6879e-06  -4.0855e-22  -4.0855e-22  -4.0855e-22   4.0855e-22   4.0855e-22   4.0855e-22
160.0  11.007128   9.8824e-06   9.8824e-06   9.8824e-06   9.8824e-06  -2.0074e-23  -2.0074e-23  -2.0074e-23   2.0074e-23   2.0074e-23   2.0074e-23
165.0  11.008775   1.0065e-05   1.0065e-05   1.0065e-05   1.0065e-05  -3.6095e-23  -3.6095e-23  -3.6095e-23   3.6095e-23   3.6095e-23   3.6095e-23
170.0  11.010452   1.0237e-05   1.0237e-05   1.0237e-05   1.0237e-05  -1.4727e-22  -1.4727e-22  -1.4727e-22   1.4727e-22   1.4727e-22   1.4727e-22
175.0  11.012156   1.0399e-05   1.0399e-05   1.0399e-05   1.0399e-05   4.1548e-22   4.1548e-22   4.1548e-22  -4.1548e-22  -4.1548e-22  -4.1548e-22
180.0  11.013887   1.0552e-05   1.0552e-05   1.0552e-05   1.0552e-05   9.8556e-23   9.8556e-23   9.8556e-23  -9.8556e-23  -9.8556e-23  -9.8556e-23
185.0  11.015642   1.0697e-05   1.0697e-05   1.0697e-05   1.0697e-05  -2.6158e-22  -2.6158e-22  -2.6158e-22   2.6158e-22   2.6158e-22   2.6158e-22
190.0  11.017421   1.0834e-05   1.0834e-05   1.0834e-05   1.0834e-05   2.0987e-22   2.0987e-22   2.0987e-22  -2.0987e-22  -2.0987e-22  -2.0987e-22
195.0  11.019223   1.0963e-05   1.0963e-05   1.0963e-05   1.0963e-05   2.7023e-22   2.7023e-22   2.7023e-22  -2.7023e-22  -2.7023e-22  -2.7023e-22
200.0  11.021045   1.1087e-05   1.1087e-05   1.1087e-05   1.1087e-05   3.9990e-22   3.9990e-22   3.9990e-22  -3.9990e-22  -3.9990e-22  -3.9990e-22
205.0  11.022888   1.1204e-05   1.1204e-05   1.1204e-05   1.1204e-05   3.0615e-22   3.0615e-22   3.0615e-22  -3.0615e-22  -3.0615e-22  -3.0615e-22
210.0  11.024750   1.1315e-05   1.1315e-05   1.1315e-05   1.1315e-05  -1.2305e-22  -1.2305e-22  -1.2305e-22   1.2305e-22   1.2305e-22   1.2305e-22
215.0  11.026630   1.1422e-05   1.1422e-05   1.1422e-05   1.1422e-05  -2.5599e-22   1.1371e-21  -2.5599e-22   8.2999e-22   8.2999e-22   8.2999e-22
220.0  11.028528   1.1523e-05   1.1523e-05   1.1523e-05   1.1523e-05   4.1575e-22   4.1575e-22   4.1575e-22  -4.1575e-22  -4.1575e-22  -4.1575e-22
225.0  11.030442   1.1620e-05   1.1620e-05   1.1620e-05   1.1620e-05  -3.4265e-23  -3.4265e-23  -3.4265e-23   3.4265e-23   3.4265e-23   3.4265e-23
230.0  11.032373   1.1713e-05   1.1713e-05   1.1713e-05   1.1713e-05  -3.8139e-22  -3.8139e-22  -3.8139e-22   3.8139e-22   3.8139e-22   3.8139e-22
235.0  11.034319   1.1802e-05   1.1802e-05   1.1802e-05   1.1802e-05   4.1028e-22   4.1028e-22   4.1028e-22  -4.1028e-22  -4.1028e-22  -4.1028e-22
240.0  11.036280   1.1888e-05   1.1888e-05   1.1888e-05   1.1888e-05  -3.8398e-22  -3.8398e-22  -3.8398e-22   3.8398e-22   3.8398e-22   3.8398e-22
245.0  11.038255   1.1970e-05   1.1970e-05   1.1970e-05   1.1970e-05   2.4565e-22   2.4565e-22   2.4565e-22  -2.4565e-22  -2.4565e-22  -2.4565e-22
250.0  11.040243   1.2049e-05   1.2049e-05   1.2049e-05   1.2049e-05   2.5783e-22   2.5783e-22   2.5783e-22  -2.5783e-22  -2.5783e-22  -2.5783e-22
255.0  11.042245   1.2125e-05   1.2125e-05   1.2125e-05   1.2125e-05  -3.3258e-23  -3.3258e-23  -3.3258e-23   3.3258e-23   3.3258e-23   3.3258e-23
260.0  11.044260   1.2199e-05   1.2199e-05   1.2199e-05   1.2199e-05   1.6099e-22   1.6099e-22   1.6099e-22  -1.6099e-22  -1.6099e-22  -1.6099e-22
265.0  11.046287   1.2270e-05   1.2270e-05   1.2270e-05   1.2270e-05   1.1695e-22   1.1695e-22   1.1695e-22  -1.1695e-22  -1.1695e-22  -1.1695e-22
270.0  11.048326   1.2339e-05   1.2339e-05   1.2339e-05   1.2339e-05  -1.5009e-22  -1.5009e-22  -1.5009e-22   1.5009e-22   1.5009e-22   1.5009e-22
275.0  11.050376   1.2406e-05   1.2406e-05   1.2406e-05   1.2406e-05   4.6401e-23   4.6401e-23   4.6401e-23  -4.6401e-23  -4.6401e-23  -4.6401e-23
280.0  11.052438   1.2470e-05   1.2470e-05   1.2470e-05   1.2470e-05   2.4030e-22   2.4030e-22   2.4030e-22  -2.4030e-22  -2.4030e-22  -2.4030e-22
285.0  11.054511   1.2533e-05   1.2533e-05   1.2533e-05   1.2533e-05  -1.0497e-21   1.4104e-21  -1.0497e-21   1.5137e-21   1.5137e-21   1.5137e-21
290.0  11.056594   1.2594e-05   1.2594e-05   1.2594e-05   1.2594e-05  -2.4797e-22  -2.4797e-22  -2.4797e-22   2.4797e-22   2.4797e-22   2.4797e-22
295.0  11.058688   1.2653e-05   1.2653e-05   1.2653e-05   1.2653e-05   3.8157e-22   3.8157e-22   3.8157e-22  -3.8157e-22  -3.8157e-22  -3.8157e-22
300.0  11.060792   1.2711e-05   1.2711e-05   1.2711e-05   1.2711e-05   4.0112e-22   4.0112e-22   4.0112e-22  -4.0112e-22  -4.0112e-22  -4.0112e-22
305.0  11.062906   1.2767e-05   1.2767e-05   1.2767e-05   1.2767e-05   1.9102e-22   1.9102e-22   1.9102e-22  -1.9102e-22  -1.9102e-22  -1.9102e-22
310.0  11.065029   1.2822e-05   1.2822e-05   1.2822e-05   1.2822e-05  -1.5757e-22  -1.5757e-22  -1.5757e-22   1.5757e-22   1.5757e-22   1.5757e-22
315.0  11.067162   1.2875e-05   1.2875e-05   1.2875e-05   1.2875e-05   3.3801e-22   3.3801e-22   3.3801e-22  -3.3801e-22  -3.3801e-22  -3.3801e-22
320.0  11.069304   1.2927e-05   1.2927e-05   1.2927e-05   1.2927e-05  -2.8970e-22  -2.8970e-22  -2.8970e-22   2.8970e-22   2.8970e-22   2.8970e-22
325.0  11.071455   1.2978e-05   1.2978e-05   1.2978e-05   1.2978e-05  -2.5128e-22  -2.5128e-22  -2.5128e-22   2.5128e-22   2.5128e-22   2.5128e-22
330.0  11.073614   1.3028e-05   1.3028e-05   1.3028e-05   1.3028e-05   4.4052e-23   4.4052e-23   4.4052e-23  -4.4052e-23  -4.4052e-23  -4.4052e-23
335.0  11.075783   1.3077e-05   1.3077e-05   1.3077e-05   1.3077e-05  -1.1859e-21   1.3828e-21  -1.1859e-21   1.5956e-21   1.5956e-21   1.5956e-21
340.0  11.077960   1.3125e-05   1.3125e-05   1.3125e-05   1.3125e-05  -8.3073e-23  -8.3073e-23  -8.3073e-23   8.3073e-23   8.3073e-23   8.3073e-23
345.0  11.080145   1.3172e-05   1.3172e-05   1.3172e-05   1.3172e-05   1.6430e-22   1.6430e-22   1.6430e-22  -1.6430e-22  -1.6430e-22  -1.6430e-22
350.0  11.082338   1.3219e-05   1.3219e-05   1.3219e-05   1.3219e-05  -8.1030e-23  -8.1030e-23  -8.1030e-23   8.1030e-23   8.1030e-23   8.1030e-23
355.0  11.084540   1.3264e-05   1.3264e-05   1.3264e-05   1.3264e-05   2.2106e-22   2.2106e-22   2.2106e-22  -2.2106e-22  -2.2106e-22  -2.2106e-22
360.0  11.086749   1.3309e-05   1.3309e-05   1.3309e-05   1.3309e-05   2.6717e-22   2.6717e-22   2.6717e-22  -2.6717e-22  -2.6717e-22  -2.6717e-22
365.0  11.088966   1.3353e-05   1.3353e-05   1.3353e-05   1.3353e-05  -1.1505e-22  -1.1505e-22  -1.1505e-22   1.1505e-22   1.1505e-22   1.1505e-22
370.0  11.091191   1.3396e-05   1.3396e-05   1.3396e-05   1.3396e-05  -1.5997e-22  -1.5997e-22  -1.5997e-22   1.5997e-22   1.5997e-22   1.5997e-22
375.0  11.093423   1.3438e-05   1.3438e-05   1.3438e-05   1.3438e-05  -2.2634e-22  -2.2634e-22  -2.2634e-22   2.2634e-22   2.2634e-22   2.2634e-22
380.0  11.095663   1.3480e-05   1.3480e-05   1.3480e-05   1.3480e-05  -5.2875e-23   9.0249e-22  -5.2875e-23   1.2693e-21   1.2693e-21   1.2693e-21
385.0  11.097910   1.3522e-05   1.3522e-05   1.3522e-05   1.3522e-05  -2.6840e-22  -2.6840e-22  -2.6840e-22   2.6840e-22   2.6840e-22   2.6840e-22
390.0  11.100165   1.3562e-05   1.3563e-05   1.3563e-05   1.3563e-05   3.9368e-22   3.9368e-22   3.9368e-22  -3.9368e-22  -3.9368e-22  -3.9368e-22
395.0  11.102427   1.3603e-05   1.3603e-05   1.3603e-05   1.3603e-05  -4.1779e-22  -4.1779e-22  -4.1779e-22   4.1779e-22   4.1779e-22   4.1779e-22
400.0  11.104696   1.3643e-05   1.3643e-05   1.3643e-05   1.3643e-05  -2.9906e-22  -2.9906e-22  -2.9906e-22   2.9906e-22   2.9906e-22   2.9906e-22
405.0  11.106972   1.3682e-05   1.3682e-05   1.3682e-05   1.3682e-05   6.7999e-23   1.0639e-21   6.7999e-23   1.1281e-21   1.1281e-21   1.1281e-21
410.0  11.109254   1.3721e-05   1.3721e-05   1.3721e-05   1.3721e-05  -1.2087e-21   1.4891e-21  -1.2087e-21   1.5538e-21   1.5538e-21   1.5538e-21
415.0  11.111544   1.3759e-05   1.3759e-05   1.3759e-05   1.3759e-05  -4.1302e-22  -4.1302e-22  -4.1302e-22   4.1302e-22   4.1302e-22   4.1302e-22
420.0  11.113841   1.3797e-05   1.3797e-05   1.3797e-05   1.3797e-05   3.9839e-22   3.9839e-22   3.9839e-22  -3.9839e-22  -3.9839e-22  -3.9839e-22
425.0  11.116144   1.3835e-05   1.3835e-05   1.3835e-05   1.3835e-05  -2.1749e-22  -2.1749e-22  -2.1749e-22   2.1749e-22   2.1749e-22   2.1749e-22
430.0  11.118455   1.3872e-05   1.3872e-05   1.3872e-05   1.3872e-05   3.8779e-22   3.8779e-22   3.8779e-22  -3.8779e-22  -3.8779e-22  -3.8779e-22
435.0  11.120771   1.3909e-05   1.3909e-05   1.3909e-05   1.3909e-05  -9.3498e-24  -9.3498e-24  -9.3498e-24   9.3498e-24   9.3498e-24   9.3498e-24
440.0  11.123095   1.3945e-05   1.3945e-05   1.3945e-05   1.3945e-05   2.5306e-22   2.5306e-22   2.5306e-22  -2.5306e-22  -2.5306e-22  -2.5306e-22
445.0  11.125425   1.3982e-05   1.3982e-05   1.3982e-05   1.3982e-05  -2.0074e-22  -2.0074e-22  -2.0074e-22   2.0074e-22   2.0074e-22   2.0074e-22
450.0  11.127762   1.4018e-05   1.4018e-05   1.4018e-05   1.4018e-05   3.9249e-22   3.9249e-22   3.9249e-22  -3.9249e-22  -3.9249e-22  -3.9249e-22
455.0  11.130105   1.4053e-05   1.4053e-05   1.4053e-05   1.4053e-05  -1.0612e-22  -1.0612e-22  -1.0612e-22   1.0612e-22   1.0612e-22   1.0612e-22
460.0  11.132454   1.4089e-05   1.4089e-05   1.4089e-05   1.4089e-05   1.2385e-22   1.2019e-21   1.2385e-22   1.0312e-21   1.0312e-21   1.0312e-21
465.0  11.134810   1.4124e-05   1.4124e-05   1.4124e-05   1.4124e-05  -1.1466e-22  -1.1466e-22  -1.1466e-22   1.1466e-22   1.1466e-22   1.1466e-22
470.0  11.137172   1.4159e-05   1.4159e-05   1.4159e-05   1.4159e-05  -3.0783e-22  -3.0783e-22  -3.0783e-22   3.0783e-22   3.0783e-22   3.0783e-22
475.0  11.139540   1.4193e-05   1.4194e-05   1.4194e-05   1.4194e-05  -1.3849e-21   1.4083e-21  -1.3849e-21   1.6824e-21   1.6824e-21   1.6824e-21
480.0  11.141915   1.4228e-05   1.4228e-05   1.4228e-05   1.4228e-05  -3.6104e-22  -3.6104e-22  -3.6104e-22   3.6104e-22   3.6104e-22   3.6104e-22
485.0  11.144296   1.4262e-05   1.4262e-05   1.4262e-05   1.4262e-05  -3.3891e-22  -3.3891e-22  -3.3891e-22   3.3891e-22   3.3891e-22   3.3891e-22
490.0  11.146683   1.4296e-05   1.4296e-05   1.4296e-05   1.4296e-05  -1.0073e-23  -1.0073e-23  -1.0073e-23   1.0073e-23   1.0073e-23   1.0073e-23
495.0  11.149077   1.4330e-05   1.4330e-05   1.4330e-05   1.4330e-05  -2.6893e-22  -2.6893e-22  -2.6893e-22   2.6893e-22   2.6893e-22   2.6893e-22
500.0  11.151476   1.4364e-05   1.4364e-05   1.4364e-05   1.4364e-05   3.8306e-22   3.8306e-22   3.8306e-22  -3.8306e-22  -3.8306e-22  -3.8306e-22
505.0  11.153882   1.4397e-05   1.4397e-05   1.4397e-05   1.4397e-05   2.2322e-22   2.2322e-22   2.2322e-22  -2.2322e-22  -2.2322e-22  -2.2322e-22
510.0  11.156294   1.4431e-05   1.4431e-05   1.4431e-05   1.4431e-05   1.7856e-22   1.7856e-22   1.7856e-22  -1.7856e-22  -1.7856e-22  -1.7856e-22
515.0  11.158712   1.4464e-05   1.4464e-05   1.4464e-05   1.4464e-05   1.3463e-22   1.3463e-22   1.3463e-22  -1.3463e-22  -1.3463e-22  -1.3463e-22
520.0  11.161136   1.4497e-05   1.4497e-05   1.4497e-05   1.4497e-05   6.9564e-23   6.9564e-23   6.9564e-23  -6.9564e-23  -6.9564e-23  -6.9564e-23
525.0  11.163566   1.4530e-05   1.4530e-05   1.4530e-05   1.4530e-05  -1.6159e-22  -1.6159e-22  -1.6159e-22   1.6159e-22   1.6159e-22   1.6159e-22
530.0  11.166002   1.4562e-05   1.4562e-05   1.4562e-05   1.4562e-05   4.0123e-22   4.0123e-22   4.0123e-22  -4.0123e-22  -4.0123e-22  -4.0123e-22
535.0  11.168444   1.4595e-05   1.4595e-05   1.4595e-05   1.4595e-05  -2.1796e-22  -2.1796e-22  -2.1796e-22   2.1796e-22   2.1796e-22   2.1796e-22
540.0  11.170892   1.4628e-05   1.4628e-05   1.4628e-05   1.4628e-05  -1.4478e-21   1.4336e-21  -1.4478e-21   1.7012e-21   1.7012e-21   1.7012e-21
545.0  11.173346   1.4660e-05   1.4660e-05   1.4660e-05   1.4660e-05  -3.8638e-22  -3.8638e-22  -3.8638e-22   3.8638e-22   3.8638e-22   3.8638e-22
550.0  11.175806   1.4692e-05   1.4692e-05   1.4692e-05   1.4692e-05  -2.8001e-22  -2.8001e-22  -2.8001e-22   2.8001e-22   2.8001e-22   2.8001e-22
555.0  11.178272   1.4724e-05   1.4724e-05   1.4724e-05   1.4724e-05  -2.7189e-22  -2.7189e-22  -2.7189e-22   2.7189e-22   2.7189e-22   2.7189e-22
560.0  11.180744   1.4756e-05   1.4757e-05   1.4757e-05   1.4757e-05  -9.8805e-23  -9.8805e-23  -9.8805e-23   9.8805e-23   9.8805e-23   9.8805e-23
565.0  11.183222   1.4788e-05   1.4789e-05   1.4789e-05   1.4789e-05  -2.5378e-23  -2.5378e-23  -2.5378e-23   2.5378e-23   2.5378e-23   2.5378e-23
570.0  11.185705   1.4820e-05   1.4820e-05   1.4820e-05   1.4820e-05   1.5145e-22   1.5145e-22   1.5145e-22  -1.5145e-22  -1.5145e-22  -1.5145e-22
575.0  11.188195   1.4852e-05   1.4852e-05   1.4852e-05   1.4852e-05   4.1937e-22   4.1937e-22   4.1937e-22  -4.1937e-22  -4.1937e-22  -4.1937e-22
580.0  11.190690   1.4884e-05   1.4884e-05   1.4884e-05   1.4884e-05   2.0358e-23   2.0358e-23   2.0358e-23  -2.0358e-23  -2.0358e-23  -2.0358e-23
585.0  11.193192   1.4916e-05   1.4916e-05   1.4916e-05   1.4916e-05  -7.9638e-23  -7.9638e-23  -7.9638e-23   7.9638e-23   7.9638e-23   7.9638e-23
590.0  11.195699   1.4947e-05   1.4947e-05   1.4947e-05   1.4947e-05   1.5383e-22   1.5383e-22   1.5383e-22  -1.5383e-22  -1.5383e-22  -1.5383e-22
595.0  11.198212   1.4979e-05   1.4979e-05   1.4979e-05   1.4979e-05  -1.1102e-21   1.8428e-21  -1.1102e-21   1.3277e-21   1.3277e-21   1.3277e-21
600.0  11.200731   1.5010e-05   1.5010e-05   1.5010e-05   1.5010e-05   4.0738e-22   4.0738e-22   4.0738e-22  -4.0738e-22  -4.0738e-22  -4.0738e-22
605.0  11.203256   1.5042e-05   1.5042e-05   1.5042e-05   1.5042e-05   2.8485e-22   2.8485e-22   2.8485e-22  -2.8485e-22  -2.8485e-22  -2.8485e-22
610.0  11.205787   1.5073e-05   1.5073e-05   1.5073e-05   1.5073e-05   1.4222e-22   1.4222e-22   1.4222e-22  -1.4222e-22  -1.4222e-22  -1.4222e-22
615.0  11.208323   1.5104e-05   1.5104e-05   1.5104e-05   1.5104e-05  -3.3599e-22  -3.3599e-22  -3.3599e-22   3.3599e-22   3.3599e-22   3.3599e-22
620.0  11.210865   1.5136e-05   1.5136e-05   1.5136e-05   1.5136e-05  -3.4720e-22  -3.4720e-22  -3.4720e-22   3.4720e-22   3.4720e-22   3.4720e-22
625.0  11.213414   1.5167e-05   1.5167e-05   1.5167e-05   1.5167e-05  -3.5890e-22  -3.5890e-22  -3.5890e-22   3.5890e-22   3.5890e-22   3.5890e-22
630.0  11.215968   1.5198e-05   1.5198e-05   1.5198e-05   1.5198e-05  -4.9795e-23   1.2539e-21  -4.9795e-23   1.0920e-21   1.0920e-21   1.0920e-21
635.0  11.218527   1.5229e-05   1.5229e-05   1.5229e-05   1.5229e-05  -4.1386e-22   1.7433e-21  -4.1386e-22   1.4529e-21   1.4529e-21   1.4529e-21
640.0  11.221093   1.5260e-05   1.5260e-05   1.5260e-05   1.5260e-05  -4.9945e-22  -4.9945e-22  -4.9945e-22   4.9945e-22   4.9945e-22   4.9945e-22
645.0  11.223665   1.5291e-05   1.5291e-05   1.5291e-05   1.5291e-05  -4.8118e-22  -4.8118e-22  -4.8118e-22   4.8118e-22   4.8118e-22   4.8118e-22
650.0  11.226242   1.5323e-05   1.5323e-05   1.5323e-05   1.5323e-05   6.2210e-22   6.2210e-22   6.2210e-22  -6.2210e-22  -6.2210e-22  -6.2210e-22
655.0  11.228825   1.5354e-05   1.5354e-05   1.5354e-05   1.5354e-05   2.2683e-22   1.5624e-21   2.2683e-22   1.6465e-21   1.6465e-21   1.6465e-21
660.0  11.231414   1.5385e-05   1.5385e-05   1.5385e-05   1.5385e-05  -1.0496e-22  -1.0496e-22  -1.0496e-22   1.0496e-22   1.0496e-22   1.0496e-22
665.0  11.234009   1.5416e-05   1.5416e-05   1.5416e-05   1.5416e-05  -7.5345e-22  -7.5345e-22  -7.5345e-22   7.5345e-22   7.5345e-22   7.5345e-22
670.0  11.236609   1.5447e-05   1.5447e-05   1.5447e-05   1.5447e-05  -7.7014e-22  -7.7014e-22  -7.7014e-22   7.7014e-22   7.7014e-22   7.7014e-22
675.0  11.239216   1.5478e-05   1.5478e-05   1.5478e-05   1.5478e-05   2.1516e-22   2.1516e-22   2.1516e-22  -2.1516e-22  -2.1516e-22  -2.1516e-22
680.0  11.241828   1.5509e-05   1.5509e-05   1.5509e-05   1.5509e-05   3.0478e-22   3.0478e-22   3.0478e-22  -3.0478e-22  -3.0478e-22  -3.0478e-22
685.0  11.244446   1.5539e-05   1.5540e-05   1.5540e-05   1.5540e-05  -6.1741e-22  -6.1741e-22  -6.1741e-22   6.1741e-22   6.1741e-22   6.1741e-22
690.0  11.247070   1.5570e-05   1.5570e-05   1.5570e-05   1.5570e-05   7.4584e-22   7.4584e-22   7.4584e-22  -7.4584e-22  -7.4584e-22  -7.4584e-22
695.0  11.249700   1.5601e-05   1.5601e-05   1.5601e-05   1.5601e-05   1.6920e-22   1.6920e-22   1.6920e-22  -1.6920e-22  -1.6920e-22  -1.6920e-22
700.0  11.252335   1.5632e-05   1.5632e-05   1.5632e-05   1.5632e-05  -5.0036e-22  -5.0036e-22  -5.0036e-22   5.0036e-22   5.0036e-22   5.0036e-22
705.0  11.254977   1.5663e-05   1.5663e-05   1.5663e-05   1.5663e-05  -5.9713e-22  -5.9713e-22  -5.9713e-22   5.9713e-22   5.9713e-22   5.9713e-22
710.0  11.257624   1.5694e-05   1.5694e-05   1.5694e-05   1.5694e-05   6.8400e-22   2.0894e-21   6.8400e-22   1.1544e-21   1.1544e-21   1.1544e-21
715.0  11.260277   1.5725e-05   1.5725e-05   1.5725e-05   1.5725e-05  -1.4673e-22  -1.4673e-22  -1.4673e-22   1.4673e-22   1.4673e-22   1.4673e-22
720.0  11.262936   1.5756e-05   1.5756e-05   1.5756e-05   1.5756e-05  -1.3237e-22  -1.3237e-22  -1.3237e-22   1.3237e-22   1.3237e-22   1.3237e-22
725.0  11.265601   1.5787e-05   1.5787e-05   1.5787e-05   1.5787e-05   2.9601e-22   1.7205e-21   2.9601e-22   1.5328e-21   1.5328e-21   1.5328e-21
730.0  11.268272   1.5818e-05   1.5818e-05   1.5818e-05   1.5818e-05   4.1270e-22   4.1270e-22   4.1270e-22  -4.1270e-22  -4.1270e-22  -4.1270e-22
735.0  11.270948   1.5849e-05   1.5849e-05   1.5849e-05   1.5849e-05   4.3260e-22   4.3260e-22   4.3260e-22  -4.3260e-22  -4.3260e-22  -4.3260e-22
740.0  11.273631   1.5880e-05   1.5880e-05   1.5880e-05   1.5880e-05  -1.2259e-22  -1.2259e-22  -1.2259e-22   1.2259e-22   1.2259e-22   1.2259e-22
745.0  11.276319   1.5911e-05   1.5911e-05   1.5911e-05   1.5911e-05   3.9735e-22   1.8473e-21   3.9735e-22   1.4188e-21   1.4188e-21   1.4188e-21
750.0  11.279013   1.5942e-05   1.5942e-05   1.5942e-05   1.5942e-05  -7.8082e-22  -7.8082e-22  -7.8082e-22   7.8082e-22   7.8082e-22   7.8082e-22
755.0  11.281713   1.5973e-05   1.5973e-05   1.5973e-05   1.5973e-05  -2.0871e-22  -2.0871e-22  -2.0871e-22   2.0871e-22   2.0871e-22   2.0871e-22
760.0  11.284419   1.6004e-05   1.6004e-05   1.6004e-05   1.6004e-05  -2.3710e-21   7.9221e-22  -2.3710e-21   7.8940e-22   7.8940e-22   7.8940e-22
765.0  11.287131   1.6035e-05   1.6035e-05   1.6035e-05   1.6035e-05  -4.4253e-22  -4.4253e-22  -4.4253e-22   4.4253e-22   4.4253e-22   4.4253e-22
770.0  11.289849   1.6066e-05   1.6066e-05   1.6066e-05   1.6066e-05  -7.9961e-22   2.3764e-21  -7.9961e-22   9.0567e-22   9.0567e-22   9.0567e-22
775.0  11.292573   1.6098e-05   1.6098e-05   1.6098e-05   1.6098e-05   6.1770e-22   6.1770e-22   6.1770e-22  -6.1770e-22  -6.1770e-22  -6.1770e-22
780.0  11.295303   1.6129e-05   1.6129e-05   1.6129e-05   1.6129e-05  -5.3889e-22  -5.3889e-22  -5.3889e-22   5.3889e-22   5.3889e-22   5.3889e-22
785.0  11.298038   1.6160e-05   1.6160e-05   1.6160e-05   1.6160e-05  -1.3462e-22  -1.3462e-22  -1.3462e-22   1.3462e-22   1.3462e-22   1.3462e-22
790.0  11.300780   1.6191e-05   1.6191e-05   1.6191e-05   1.6191e-05   4.9282e-22   4.9282e-22   4.9282e-22  -4.9282e-22  -4.9282e-22  -4.9282e-22
795.0  11.303527   1.6222e-05   1.6222e-05   1.6222e-05   1.6222e-05   1.0200e-22   1.0200e-22   1.0200e-22  -1.0200e-22  -1.0200e-22  -1.0200e-22
800.0  11.306281   1.6254e-05   1.6254e-05   1.6254e-05   1.6254e-05   4.5589e-22   1.9764e-21   4.5589e-22   1.3249e-21   1.3249e-21   1.3249e-21
805.0  11.309041   1.6285e-05   1.6285e-05   1.6285e-05   1.6285e-05  -6.5950e-22  -6.5950e-22  -6.5950e-22   6.5950e-22   6.5950e-22   6.5950e-22
810.0  11.311806   1.6316e-05   1.6316e-05   1.6316e-05   1.6316e-05   7.8794e-22   7.8794e-22   7.8794e-22  -7.8794e-22  -7.8794e-22  -7.8794e-22
815.0  11.314578   1.6348e-05   1.6348e-05   1.6348e-05   1.6348e-05   6.5215e-23   6.5215e-23   6.5215e-23  -6.5215e-23  -6.5215e-23  -6.5215e-23
820.0  11.317355   1.6379e-05   1.6379e-05   1.6379e-05   1.6379e-05   5.8415e-23   5.8415e-23   5.8415e-23  -5.8415e-23  -5.8415e-23  -5.8415e-23
825.0  11.320139   1.6411e-05   1.6411e-05   1.6411e-05   1.6411e-05  -2.3281e-21   9.1890e-22  -2.3281e-21   2.3987e-21   2.3987e-21   2.3987e-21
830.0  11.322928   1.6442e-05   1.6442e-05   1.6442e-05   1.6442e-05  -2.2427e-22  -2.2427e-22  -2.2427e-22   2.2427e-22   2.2427e-22   2.2427e-22
835.0  11.325724   1.6474e-05   1.6474e-05   1.6474e-05   1.6474e-05   1.4729e-22   1.4729e-22   1.4729e-22  -1.4729e-22  -1.4729e-22  -1.4729e-22
840.0  11.328526   1.6505e-05   1.6505e-05   1.6505e-05   1.6505e-05  -2.2939e-22  -2.2939e-22  -2.2939e-22   2.2939e-22   2.2939e-22   2.2939e-22
845.0  11.331333   1.6537e-05   1.6537e-05   1.6537e-05   1.6537e-05  -6.5330e-24  -6.5330e-24  -6.5330e-24   6.5330e-24   6.5330e-24   6.5330e-24
850.0  11.334147   1.6569e-05   1.6569e-05   1.6569e-05   1.6569e-05  -4.3325e-23  -4.3325e-23  -4.3325e-23   4.3325e-23   4.3325e-23   4.3325e-23
855.0  11.336967   1.6601e-05   1.6601e-05   1.6601e-05   1.6601e-05  -2.8227e-22  -2.8227e-22  -2.8227e-22   2.8227e-22   2.8227e-22   2.8227e-22
860.0  11.339793   1.6632e-05   1.6632e-05   1.6632e-05   1.6632e-05  -4.7554e-22  -4.7554e-22  -4.7554e-22   4.7554e-22   4.7554e-22   4.7554e-22
865.0  11.342625   1.6664e-05   1.6664e-05   1.6664e-05   1.6664e-05  -5.6807e-22  -5.6807e-22  -5.6807e-22   5.6807e-22   5.6807e-22   5.6807e-22
870.0  11.345464   1.6696e-05   1.6696e-05   1.6696e-05   1.6696e-05   2.3360e-22   2.3360e-22   2.3360e-22  -2.3360e-22  -2.3360e-22  -2.3360e-22
875.0  11.348308   1.6728e-05   1.6728e-05   1.6728e-05   1.6728e-05   4.6607e-22   2.0845e-21   4.6607e-22   1.2658e-21   1.2658e-21   1.2658e-21
880.0  11.351159   1.6760e-05   1.6760e-05   1.6760e-05   1.6760e-05  -8.0866e-22   8.1638e-22  -8.0866e-22   8.4318e-22   8.4318e-22   8.4318e-22
885.0  11.354015   1.6792e-05   1.6792e-05   1.6792e-05   1.6792e-05   1.9797e-22   1.9797e-22   1.9797e-22  -1.9797e-22  -1.9797e-22  -1.9797e-22
890.0  11.356878   1.6824e-05   1.6824e-05   1.6824e-05   1.6824e-05  -6.0654e-22  -6.0654e-22  -6.0654e-22   6.0654e-22   6.0654e-22   6.0654e-22
895.0  11.359748   1.6856e-05   1.6856e-05   1.6856e-05   1.6856e-05  -4.6989e-22  -4.6989e-22  -4.6989e-22   4.6989e-22   4.6989e-22   4.6989e-22
900.0  11.362623   1.6889e-05   1.6889e-05   1.6889e-05   1.6889e-05  -1.8676e-21   1.4781e-21  -1.8676e-21   1.8888e-21   1.8888e-21   1.8888e-21
905.0  11.365505   1.6921e-05   1.6921e-05   1.6921e-05   1.6921e-05   1.8148e-22   1.8148e-22   1.8148e-22  -1.8148e-22  -1.8148e-22  -1.8148e-22
910.0  11.368392   1.6953e-05   1.6953e-05   1.6953e-05   1.6953e-05   1.0608e-22   1.0608e-22   1.0608e-22  -1.0608e-22  -1.0608e-22  -1.0608e-22
915.0  11.371287   1.6986e-05   1.6986e-05   1.6986e-05   1.6986e-05  -7.9667e-22  -7.9667e-22  -7.9667e-22   7.9667e-22   7.9667e-22   7.9667e-22
920.0  11.374187   1.7018e-05   1.7018e-05   1.7018e-05   1.7018e-05   1.7811e-22   1.7811e-22   1.7811e-22  -1.7811e-22  -1.7811e-22  -1.7811e-22
925.0  11.377094   1.7051e-05   1.7051e-05   1.7051e-05   1.7051e-05  -1.5974e-21   1.7818e-21  -1.5974e-21   1.6019e-21   1.6019e-21   1.6019e-21
930.0  11.380007   1.7083e-05   1.7083e-05   1.7083e-05   1.7083e-05  -1.8408e-22  -1.8408e-22  -1.8408e-22   1.8408e-22   1.8408e-22   1.8408e-22
935.0  11.382926   1.7116e-05   1.7116e-05   1.7116e-05   1.7116e-05   2.1464e-22   2.1464e-22   2.1464e-22  -2.1464e-22  -2.1464e-22  -2.1464e-22
940.0  11.385851   1.7149e-05   1.7149e-05   1.7149e-05   1.7149e-05  -1.9494e-22  -1.9494e-22  -1.9494e-22   1.9494e-22   1.9494e-22   1.9494e-22
945.0  11.388783   1.7182e-05   1.7182e-05   1.7182e-05   1.7182e-05  -1.6775e-22  -1.6775e-22  -1.6775e-22   1.6775e-22   1.6775e-22   1.6775e-22
950.0  11.391722   1.7215e-05   1.7215e-05   1.7215e-05   1.7215e-05  -1.6268e-22   1.5564e-21  -1.6268e-22   1.8442e-21   1.8442e-21   1.8442e-21
955.0  11.394667   1.7248e-05   1.7248e-05   1.7248e-05   1.7248e-05   1.2867e-23   1.2867e-23   1.2867e-23  -1.2867e-23  -1.2867e-23  -1.2867e-23
960.0  11.397618   1.7281e-05   1.7281e-05   1.7281e-05   1.7281e-05  -1.4773e-22  -1.4773e-22  -1.4773e-22   1.4773e-22   1.4773e-22   1.4773e-22
965.0  11.400575   1.7314e-05   1.7314e-05   1.7314e-05   1.7314e-05   4.1540e-22   4.1540e-22   4.1540e-22  -4.1540e-22  -4.1540e-22  -4.1540e-22
970.0  11.403539   1.7347e-05   1.7347e-05   1.7347e-05   1.7347e-05  -5.7665e-22  -5.7665e-22  -5.7665e-22   5.7665e-22   5.7665e-22   5.7665e-22
975.0  11.406510   1.7380e-05   1.7380e-05   1.7380e-05   1.7380e-05  -7.0747e-22   1.0460e-21  -7.0747e-22   2.3718e-21   2.3718e-21   2.3718e-21
980.0  11.409487   1.7414e-05   1.7414e-05   1.7414e-05   1.7414e-05   4.5125e-22   4.5125e-22   4.5125e-22  -4.5125e-22  -4.5125e-22  -4.5125e-22
985.0  11.412470   1.7447e-05   1.7447e-05   1.7447e-05   1.7447e-05  -1.4816e-21   1.9798e-21  -1.4816e-21   1.4450e-21   1.4450e-21   1.4450e-21
990.0  11.415460   1.7481e-05   1.7480e-05   1.7480e-05   1.7480e-05  -3.4006e-22   1.4342e-21  -3.4006e-22   1.9940e-21   1.9940e-21   1.9940e-21
995.0  11.418457   1.7514e-05   1.7514e-05   1.7514e-05   1.7514e-05   5.0936e-22   5.0936e-22   5.0936e-22  -5.0936e-22  -5.0936e-22  -5.0936e-22
1000.0  11.421460   1.7548e-05   1.7548e-05   1.7548e-05   1.7548e-05   1.1156e-22   1.1156e-22   1.1156e-22  -1.1156e-22  -1.1156e-22  -1.1156e-22
1005.0  11.424469   1.7582e-05   1.7581e-05   1.7581e-05   1.7581e-05  -5.0592e-22  -5.0592e-22  -5.0592e-22   5.0592e-22   5.0592e-22   5.0592e-22
1010.0  11.427486   1.7615e-05   1.7615e-05   1.7615e-05   1.7615e-05   1.4432e-22   1.4432e-22   1.4432e-22  -1.4432e-22  -1.4432e-22  -1.4432e-22
1015.0  11.430508   1.7649e-05   1.7649e-05   1.7649e-05   1.7649e-05   7.8912e-22   7.8912e-22   7.8912e-22  -7.8912e-22  -7.8912e-22  -7.8912e-22
1020.0  11.433538   1.7683e-05   1.7683e-05   1.7683e-05   1.7683e-05   3.0004e-22   3.0004e-22   3.0004e-22  -3.0004e-22  -3.0004e-22  -3.0004e-22
1025.0  11.436574   1.7717e-05   1.7717e-05   1.7717e-05   1.7717e-05   5.3701e-22   2.3604e-21   5.3701e-22   1.0924e-21   1.0924e-21   1.0924e-21
1030.0  11.439617   1.7752e-05   1.7752e-05   1.7752e-05   1.7752e-05  -6.9233e-22  -6.9233e-22  -6.9233e-22   6.9233e-22   6.9233e-22   6.9233e-22
1035.0  11.442666   1.7786e-05   1.7786e-05   1.7786e-05   1.7786e-05   7.5911e-22   7.5911e-22   7.5911e-22  -7.5911e-22  -7.5911e-22  -7.5911e-22
1040.0  11.445722   1.7820e-05   1.7820e-05   1.7820e-05   1.7820e-05  -4.6672e-22  -4.6672e-22  -4.6672e-22   4.6672e-22   4.6672e-22   4.6672e-22
1045.0  11.448785   1.7855e-05   1.7855e-05   1.7855e-05   1.7855e-05  -2.5287e-22  -2.5287e-22  -2.5287e-22   2.5287e-22   2.5287e-22   2.5287e-22
1050.0  11.451855   1.7889e-05   1.7889e-05   1.7889e-05   1.7889e-05  -3.5724e-22   1.5019e-21  -3.5724e-22   1.9688e-21   1.9688e-21   1.9688e-21
1055.0  11.454931   1.7924e-05   1.7924e-05   1.7924e-05   1.7924e-05  -8.3658e-22  -8.3658e-22  -8.3658e-22   8.3658e-22   8.3658e-22   8.3658e-22
1060.0  11.458014   1.7959e-05   1.7959e-05   1.7959e-05   1.7959e-05   6.9555e-22   6.9555e-22   6.9555e-22  -6.9555e-22  -6.9555e-22  -6.9555e-22
1065.0  11.461104   1.7994e-05   1.7993e-05   1.7993e-05   1.7993e-05  -1.3243e-22  -1.3243e-22  -1.3243e-22   1.3243e-22   1.3243e-22   1.3243e-22
1070.0  11.464201   1.8028e-05   1.8028e-05   1.8028e-05   1.8028e-05  -2.6135e-22   1.6267e-21  -2.6135e-22   1.8584e-21   1.8584e-21   1.8584e-21
1075.0  11.467305   1.8063e-05   1.8063e-05   1.8063e-05   1.8063e-05  -1.6232e-22  -1.6232e-22  -1.6232e-22   1.6232e-22   1.6232e-22   1.6232e-22
1080.0  11.470415   1.8099e-05   1.8099e-05   1.8099e-05   1.8099e-05  -2.5821e-22  -2.5821e-22  -2.5821e-22   2.5821e-22   2.5821e-22   2.5821e-22
1085.0  11.473532   1.8134e-05   1.8134e-05   1.8134e-05   1.8134e-05  -8.2171e-22  -8.2171e-22  -8.2171e-22   8.2171e-22   8.2171e-22   8.2171e-22
1090.0  11.476657   1.8169e-05   1.8169e-05   1.8169e-05   1.8169e-05   5.2710e-22   2.4444e-21   5.2710e-22   1.0553e-21   1.0553e-21   1.0553e-21
1095.0  11.479788   1.8205e-05   1.8205e-05   1.8205e-05   1.8205e-05  -1.4979e-21   2.1209e-21  -1.4979e-21   1.3825e-21   1.3825e-21   1.3825e-21
1100.0  11.482926   1.8240e-05   1.8240e-05   1.8240e-05   1.8240e-05   5.5215e-22   5.5215e-22   5.5215e-22  -5.5215e-22  -5.5215e-22  -5.5215e-22
1105.0  11.486072   1.8276e-05   1.8276e-05   1.8276e-05   1.8276e-05   7.9254e-22   1.0380e-21   7.9254e-22   2.4729e-21   2.4729e-21   2.4729e-21
1110.0  11.489224   1.8312e-05   1.8311e-05   1.8311e-05   1.8311e-05   1.3677e-22   1.3677e-22   1.3677e-22  -1.3677e-22  -1.3677e-22  -1.3677e-22
1115.0  11.492383   1.8347e-05   1.8347e-05   1.8347e-05   1.8347e-05   8.1523e-22   8.1523e-22   8.1523e-22  -8.1523e-22  -8.1523e-22  -8.1523e-22
1120.0  11.495550   1.8383e-05   1.8383e-05   1.8383e-05   1.8383e-05  -3.3475e-22   1.6271e-21  -3.3475e-22   1.8949e-21   1.8949e-21   1.8949e-21
1125.0  11.498723   1.8419e-05   1.8419e-05   1.8419e-05   1.8419e-05  -1.0988e-22  -1.0988e-22  -1.0988e-22   1.0988e-22   1.0988e-22   1.0988e-22
1130.0  11.501904   1.8456e-05   1.8455e-05   1.8455e-05   1.8455e-05  -2.0698e-22  -2.0698e-22  -2.0698e-22   2.0698e-22   2.0698e-22   2.0698e-22
1135.0  11.505091   1.8492e-05   1.8492e-05   1.8492e-05   1.8492e-05   5.8105e-22   5.8105e-22   5.8105e-22  -5.8105e-22  -5.8105e-22  -5.8105e-22
1140.0  11.508286   1.8528e-05   1.8528e-05   1.8528e-05   1.8528e-05  -4.0359e-22   1.5885e-21  -4.0359e-22   1.9487e-21   1.9487e-21   1.9487e-21
1145.0  11.511488   1.8565e-05   1.8565e-05   1.8565e-05   1.8565e-05  -8.3561e-22   1.1640e-21  -8.3561e-22   2.3769e-21   2.3769e-21   2.3769e-21
1150.0  11.514697   1.8601e-05   1.8601e-05   1.8601e-05   1.8601e-05   2.5160e-22   2.5160e-22   2.5160e-22  -2.5160e-22  -2.5160e-22  -2.5160e-22
1155.0  11.517914   1.8638e-05   1.8638e-05   1.8638e-05   1.8638e-05  -7.2531e-22  -7.2531e-22  -7.2531e-22   7.2531e-22   7.2531e-22   7.2531e-22
1160.0  11.521137   1.8675e-05   1.8675e-05   1.8675e-05   1.8675e-05   1.4162e-22   1.4162e-22   1.4162e-22  -1.4162e-22  -1.4162e-22  -1.4162e-22
1165.0  11.524368   1.8712e-05   1.8712e-05   1.8712e-05   1.8712e-05   6.5416e-22   6.5416e-22   6.5416e-22  -6.5416e-22  -6.5416e-22  -6.5416e-22
1170.0  11.527607   1.8749e-05   1.8749e-05   1.8749e-05   1.8749e-05  -1.1686e-21   2.5635e-21  -1.1686e-21   2.6907e-21   2.6907e-21   2.6907e-21
1175.0  11.530852   1.8786e-05   1.8786e-05   1.8786e-05   1.8786e-05  -6.4081e-22  -6.4081e-22  -6.4081e-22   6.4081e-22   6.4081e-22   6.4081e-22
1180.0  11.534105   1.8823e-05   1.8823e-05   1.8823e-05   1.8823e-05   7.3527e-22   7.3527e-22   7.3527e-22  -7.3527e-22  -7.3527e-22  -7.3527e-22
1185.0  11.537366   1.8861e-05   1.8861e-05   1.8861e-05   1.8861e-05  -1.9218e-22   1.8692e-21  -1.9218e-22   1.7026e-21   1.7026e-21   1.7026e-21
1190.0  11.540633   1.8898e-05   1.8898e-05   1.8898e-05   1.8898e-05  -7.4851e-22  -7.4851e-22  -7.4851e-22   7.4851e-22   7.4851e-22   7.4851e-22
1195.0  11.543909   1.8936e-05   1.8936e-05   1.8936e-05   1.8936e-05  -4.3470e-23  -4.3470e-23  -4.3470e-23   4.3470e-23   4.3470e-23   4.3470e-23
1200.0  11.547191   1.8974e-05   1.8974e-05   1.8974e-05   1.8974e-05   2.4213e-24   2.4213e-24   2.4213e-24  -2.4213e-24  -2.4213e-24  -2.4213e-24
1205.0  11.550481   1.9012e-05   1.9012e-05   1.9012e-05   1.9012e-05  -8.2135e-22  -8.2135e-22  -8.2135e-22   8.2135e-22   8.2135e-22   8.2135e-22
1210.0  11.553779   1.9050e-05   1.9050e-05   1.9050e-05   1.9050e-05  -5.6224e-22  -5.6224e-22  -5.6224e-22   5.6224e-22   5.6224e-22   5.6224e-22
1215.0  11.557084   1.9088e-05   1.9088e-05   1.9088e-05   1.9088e-05   8.3888e-22   8.3888e-22   8.3888e-22  -8.3888e-22  -8.3888e-22  -8.3888e-22
1220.0  11.560397   1.9126e-05   1.9126e-05   1.9126e-05   1.9126e-05   2.5324e-22   2.5324e-22   2.5324e-22  -2.5324e-22  -2.5324e-22  -2.5324e-22
1225.0  11.563717   1.9164e-05   1.9164e-05   1.9164e-05   1.9164e-05   1.2440e-22   1.2440e-22   1.2440e-22  -1.2440e-22  -1.2440e-22  -1.2440e-22
1230.0  11.567045   1.9203e-05   1.9203e-05   1.9203e-05   1.9203e-05  -6.4921e-22   1.4836e-21  -6.4921e-22   2.1239e-21   2.1239e-21   2.1239e-21
1235.0  11.570381   1.9242e-05   1.9242e-05   1.9242e-05   1.9242e-05  -5.3435e-22   1.6065e-21  -5.3435e-22   2.0050e-21   2.0050e-21   2.0050e-21
1240.0  11.573724   1.9280e-05   1.9280e-05   1.9280e-05   1.9280e-05  -7.0119e-22  -7.0119e-22  -7.0119e-22   7.0119e-22   7.0119e-22   7.0119e-22
1245.0  11.577075   1.9319e-05   1.9319e-05   1.9319e-05   1.9319e-05   5.2453e-22   2.6816e-21   5.2453e-22   2.6321e-21   2.6321e-21   2.6321e-21
1250.0  11.580434   1.9358e-05   1.9358e-05   1.9358e-05   1.9358e-05   2.6748e-22   2.6748e-22   2.6748e-22  -2.6748e-22  -2.6748e-22  -2.6748e-22
1255.0  11.583801   1.9397e-05   1.9397e-05   1.9397e-05   1.9397e-05  -6.5216e-22  -6.5216e-22  -6.5216e-22   6.5216e-22   6.5216e-22   6.5216e-22
1260.0  11.587175   1.9437e-05   1.9437e-05   1.9437e-05   1.9437e-05   4.2663e-22   2.6082e-21   4.2663e-22   2.7177e-21   2.7177e-21   2.7177e-21
1265.0  11.590557   1.9476e-05   1.9476e-05   1.9476e-05   1.9476e-05   4.0872e-22   4.0872e-22   4.0872e-22  -4.0872e-22  -4.0872e-22  -4.0872e-22
1270.0  11.593947   1.9516e-05   1.9516e-05   1.9516e-05   1.9516e-05  -6.4313e-22  -6.4313e-22  -6.4313e-22   6.4313e-22   6.4313e-22   6.4313e-22
1275.0  11.597345   1.9555e-05   1.9555e-05   1.9555e-05   1.9555e-05  -4.3875e-22  -4.3875e-22  -4.3875e-22   4.3875e-22   4.3875e-22   4.3875e-22
1280.0  11.600751   1.9595e-05   1.9595e-05   1.9595e-05   1.9595e-05   7.3816e-22   7.3816e-22   7.3816e-22  -7.3816e-22  -7.3816e-22  -7.3816e-22
1285.0  11.604165   1.9635e-05   1.9635e-05   1.9635e-05   1.9635e-05   3.7674e-22   3.7674e-22   3.7674e-22  -3.7674e-22  -3.7674e-22  -3.7674e-22
1290.0  11.607587   1.9675e-05   1.9675e-05   1.9675e-05   1.9675e-05  -6.5779e-22   1.5737e-21  -6.5779e-22   2.0831e-21   2.0831e-21   2.0831e-21
1295.0  11.611016   1.9716e-05   1.9716e-05   1.9716e-05   1.9716e-05  -2.6323e-21   1.3017e-21  -2.6323e-21   2.3593e-21   2.3593e-21   2.3593e-21
1300.0  11.614454   1.9756e-05   1.9756e-05   1.9756e-05   1.9756e-05   5.1718e-23   5.1718e-23   5.1718e-23  -5.1718e-23  -5.1718e-23  -5.1718e-23
1305.0  11.617900   1.9796e-05   1.9796e-05   1.9796e-05   1.9796e-05  -1.2386e-21   2.7123e-21  -1.2386e-21   2.6513e-21   2.6513e-21   2.6513e-21
1310.0  11.621354   1.9837e-05   1.9837e-05   1.9837e-05   1.9837e-05   7.1988e-22   7.1988e-22   7.1988e-22  -7.1988e-22  -7.1988e-22  -7.1988e-22
1315.0  11.624816   1.9878e-05   1.9878e-05   1.9878e-05   1.9878e-05   3.8828e-22   3.8828e-22   3.8828e-22  -3.8828e-22  -3.8828e-22  -3.8828e-22
1320.0  11.628286   1.9919e-05   1.9919e-05   1.9919e-05   1.9919e-05  -2.7682e-21   1.2083e-21  -2.7682e-21   2.4740e-21   2.4740e-21   2.4740e-21
1325.0  11.631765   1.9960e-05   1.9960e-05   1.9960e-05   1.9960e-05  -2.0024e-21   1.9827e-21  -2.0024e-21   1.7040e-21   1.7040e-21   1.7040e-21
1330.0  11.635251   2.0001e-05   2.0001e-05   2.0001e-05   2.0001e-05   3.5434e-22   3.5434e-22   3.5434e-22  -3.5434e-22  -3.5434e-22  -3.5434e-22
1335.0  11.638746   2.0042e-05   2.0042e-05   2.0042e-05   2.0042e-05   3.6566e-22   3.6566e-22   3.6566e-22  -3.6566e-22  -3.6566e-22  -3.6566e-22
1340.0  11.642249   2.0084e-05   2.0084e-05   2.0084e-05   2.0084e-05   4.5410e-22   4.5410e-22   4.5410e-22  -4.5410e-22  -4.5410e-22  -4.5410e-22
1345.0  11.645761   2.0126e-05   2.0126e-05   2.0126e-05   2.0126e-05  -4.5612e-22   1.8696e-21  -4.5612e-22   1.8343e-21   1.8343e-21   1.8343e-21
1350.0  11.649281   2.0167e-05   2.0167e-05   2.0167e-05   2.0167e-05   6.9404e-22   6.9404e-22   6.9404e-22  -6.9404e-22  -6.9404e-22  -6.9404e-22
1355.0  11.652809   2.0209e-05   2.0209e-05   2.0209e-05   2.0209e-05  -1.0403e-22   2.2393e-21  -1.0403e-22   1.4735e-21   1.4735e-21   1.4735e-21
1360.0  11.656346   2.0251e-05   2.0252e-05   2.0252e-05   2.0252e-05  -8.1425e-22  -8.1425e-22  -8.1425e-22   8.1425e-22   8.1425e-22   8.1425e-22
1365.0  11.659891   2.0294e-05   2.0294e-05   2.0294e-05   2.0294e-05  -6.3750e-24   2.3546e-21  -6.3750e-24   1.3670e-21   1.3670e-21   1.3670e-21
1370.0  11.663444   2.0336e-05   2.0336e-05   2.0336e-05   2.0336e-05  -5.0249e-22  -5.0249e-22  -5.0249e-22   5.0249e-22   5.0249e-22   5.0249e-22
1375.0  11.667006   2.0379e-05   2.0379e-05   2.0379e-05   2.0379e-05   6.4792e-22   6.4792e-22   6.4792e-22  -6.4792e-22  -6.4792e-22  -6.4792e-22
1380.0  11.670577   2.0421e-05   2.0421e-05   2.0421e-05   2.0421e-05  -3.1995e-22  -3.1995e-22  -3.1995e-22   3.1995e-22   3.1995e-22   3.1995e-22
1385.0  11.674156   2.0464e-05   2.0464e-05   2.0464e-05   2.0464e-05   8.1187e-22   8.1187e-22   8.1187e-22  -8.1187e-22  -8.1187e-22  -8.1187e-22
1390.0  11.677744   2.0507e-05   2.0507e-05   2.0507e-05   2.0507e-05   1.9224e-22   1.9224e-22   1.9224e-22  -1.9224e-22  -1.9224e-22  -1.9224e-22
1395.0  11.681341   2.0550e-05   2.0550e-05   2.0550e-05   2.0550e-05  -6.5228e-22  -6.5228e-22  -6.5228e-22   6.5228e-22   6.5228e-22   6.5228e-22
1400.0  11.684946   2.0594e-05   2.0594e-05   2.0594e-05   2.0594e-05  -4.7724e-22  -4.7724e-22  -4.7724e-22   4.7724e-22   4.7724e-22   4.7724e-22
1405.0  11.688560   2.0637e-05   2.0637e-05   2.0637e-05   2.0637e-05  -6.8573e-22  -6.8573e-22  -6.8573e-22   6.8573e-22   6.8573e-22   6.8573e-22
1410.0  11.692182   2.0681e-05   2.0681e-05   2.0681e-05   2.0681e-05   5.0556e-22   5.0556e-22   5.0556e-22  -5.0556e-22  -5.0556e-22  -5.0556e-22
1415.0  11.695814   2.0725e-05   2.0725e-05   2.0725e-05   2.0725e-05  -3.6132e-22   2.0900e-21  -3.6132e-22   1.6768e-21   1.6768e-21   1.6768e-21
1420.0  11.699454   2.0769e-05   2.0769e-05   2.0769e-05   2.0769e-05   8.3433e-23   8.3433e-23   8.3433e-23  -8.3433e-23  -8.3433e-23  -8.3433e-23
1425.0  11.703103   2.0813e-05   2.0813e-05   2.0813e-05   2.0813e-05   7.2145e-22   7.2145e-22   7.2145e-22  -7.2145e-22  -7.2145e-22  -7.2145e-22
1430.0  11.706761   2.0857e-05   2.0857e-05   2.0857e-05   2.0857e-05  -7.5529e-22   1.7238e-21  -7.5529e-22   2.0568e-21   2.0568e-21   2.0568e-21
1435.0  11.710428   2.0901e-05   2.0901e-05   2.0901e-05   2.0901e-05   5.9219e-22   5.9219e-22   5.9219e-22  -5.9219e-22  -5.9219e-22  -5.9219e-22
1440.0  11.714104   2.0946e-05   2.0946e-05   2.0946e-05   2.0946e-05  -3.2594e-22  -3.2594e-22  -3.2594e-22   3.2594e-22   3.2594e-22   3.2594e-22
1445.0  11.717789   2.0991e-05   2.0991e-05   2.0991e-05   2.0991e-05   2.5234e-22   2.5234e-22   2.5234e-22  -2.5234e-22  -2.5234e-22  -2.5234e-22
1450.0  11.721483   2.1036e-05   2.1036e-05   2.1036e-05   2.1036e-05  -5.0259e-22  -5.0259e-22  -5.0259e-22   5.0259e-22   5.0259e-22   5.0259e-22
1455.0  11.725186   2.1081e-05   2.1081e-05   2.1081e-05   2.1081e-05   7.5293e-22   7.5293e-22   7.5293e-22  -7.5293e-22  -7.5293e-22  -7.5293e-22
1460.0  11.728898   2.1126e-05   2.1126e-05   2.1126e-05   2.1126e-05  -4.1399e-22  -4.1399e-22  -4.1399e-22   4.1399e-22   4.1399e-22   4.1399e-22
1465.0  11.732620   2.1171e-05   2.1171e-05   2.1171e-05   2.1171e-05  -3.0767e-22  -3.0767e-22  -3.0767e-22   3.0767e-22   3.0767e-22   3.0767e-22
1470.0  11.736350   2.1217e-05   2.1217e-05   2.1217e-05   2.1217e-05  -4.8162e-22  -4.8162e-22  -4.8162e-22   4.8162e-22   4.8162e-22   4.8162e-22
1475.0  11.740090   2.1263e-05   2.1263e-05   2.1263e-05   2.1263e-05   2.6496e-22   2.6496e-22   2.6496e-22  -2.6496e-22  -2.6496e-22  -2.6496e-22
1480.0  11.743839   2.1309e-05   2.1309e-05   2.1309e-05   2.1309e-05  -7.3620e-22  -7.3620e-22  -7.3620e-22   7.3620e-22   7.3620e-22   7.3620e-22
1485.0  11.747597   2.1355e-05   2.1355e-05   2.1355e-05   2.1355e-05  -4.7948e-22  -4.7948e-22  -4.7948e-22   4.7948e-22   4.7948e-22   4.7948e-22
1490.0  11.751365   2.1401e-05   2.1401e-05   2.1401e-05   2.1401e-05  -4.5130e-22  -4.5130e-22  -4.5130e-22   4.5130e-22   4.5130e-22   4.5130e-22
1495.0  11.755142   2.1447e-05   2.1448e-05   2.1448e-05   2.1448e-05   7.9711e-22   1.7062e-21   7.9711e-22   2.1365e-21   2.1365e-21   2.1365e-21
1500.0  11.758929   2.1494e-05   2.1494e-05   2.1494e-05   2.1494e-05   6.0098e-22   6.0098e-22   6.0098e-22  -6.0098e-22  -6.0098e-22  -6.0098e-22
1505.0  11.762725   2.1541e-05   2.1541e-05   2.1541e-05   2.1541e-05   4.0152e-22   4.0152e-22   4.0152e-22  -4.0152e-22  -4.0152e-22  -4.0152e-22
1510.0  11.766530   2.1588e-05   2.1588e-05   2.1588e-05   2.1588e-05   6.4780e-22   1.5864e-21   6.4780e-22   2.2710e-21   2.2710e-21   2.2710e-21
1515.0  11.770345   2.1635e-05   2.1635e-05   2.1635e-05   2.1635e-05  -2.0996e-23  -2.0996e-23  -2.0996e-23   2.0996e-23   2.0996e-23   2.0996e-23
1520.0  11.774169   2.1682e-05   2.1682e-05   2.1682e-05   2.1682e-05  -2.5442e-22  -2.5442e-22  -2.5442e-22   2.5442e-22   2.5442e-22   2.5442e-22
1525.0  11.778004   2.1730e-05   2.1730e-05   2.1730e-05   2.1730e-05   8.0484e-22   8.0484e-22   8.0484e-22  -8.0484e-22  -8.0484e-22  -8.0484e-22
1530.0  11.781847   2.1777e-05   2.1778e-05   2.1778e-05   2.1778e-05   5.8134e-22   5.8134e-22   5.8134e-22  -5.8134e-22  -5.8134e-22  -5.8134e-22
1535.0  11.785701   2.1825e-05   2.1825e-05   2.1825e-05   2.1825e-05  -5.5503e-22  -5.5503e-22  -5.5503e-22   5.5503e-22   5.5503e-22   5.5503e-22
1540.0  11.789564   2.1873e-05   2.1873e-05   2.1873e-05   2.1873e-05  -6.7517e-22  -6.7517e-22  -6.7517e-22   6.7517e-22   6.7517e-22   6.7517e-22
1545.0  11.793437   2.1921e-05   2.1922e-05   2.1922e-05   2.1922e-05   5.3742e-22   5.3742e-22   5.3742e-22  -5.3742e-22  -5.3742e-22  -5.3742e-22
1550.0  11.797320   2.1970e-05   2.1970e-05   2.1970e-05   2.1970e-05   6.6133e-22   6.6133e-22   6.6133e-22  -6.6133e-22  -6.6133e-22  -6.6133e-22
1555.0  11.801213   2.2018e-05   2.2019e-05   2.2019e-05   2.2019e-05  -3.2898e-22  -3.2898e-22  -3.2898e-22   3.2898e-22   3.2898e-22   3.2898e-22
1560.0  11.805115   2.2067e-05   2.2067e-05   2.2067e-05   2.2067e-05   6.8406e-22   6.8406e-22   6.8406e-22  -6.8406e-22  -6.8406e-22  -6.8406e-22
1565.0  11.809028   2.2116e-05   2.2116e-05   2.2116e-05   2.2116e-05  -6.9895e-22  -6.9895e-22  -6.9895e-22   6.9895e-22   6.9895e-22   6.9895e-22
1570.0  11.812951   2.2165e-05   2.2165e-05   2.2165e-05   2.2165e-05  -4.2986e-23   2.7113e-21  -4.2986e-23   2.9010e-21   2.9010e-21   2.9010e-21
1575.0  11.816883   2.2215e-05   2.2215e-05   2.2215e-05   2.2215e-05   3.3136e-22   3.3136e-22   3.3136e-22  -3.3136e-22  -3.3136e-22  -3.3136e-22
1580.0  11.820826   2.2264e-05   2.2264e-05   2.2264e-05   2.2264e-05  -1.5528e-22  -1.5528e-22  -1.5528e-22   1.5528e-22   1.5528e-22   1.5528e-22
1585.0  11.824778   2.2314e-05   2.2314e-05   2.2314e-05   2.2314e-05   7.7630e-22   7.7630e-22   7.7630e-22  -7.7630e-22  -7.7630e-22  -7.7630e-22
1590.0  11.828741   2.2364e-05   2.2364e-05   2.2364e-05   2.2364e-05   3.8765e-22   3.8765e-22   3.8765e-22  -3.8765e-22  -3.8765e-22  -3.8765e-22
1595.0  11.832714   2.2414e-05   2.2414e-05   2.2414e-05   2.2414e-05  -1.4802e-21   3.0205e-21  -1.4802e-21   2.6180e-21   2.6180e-21   2.6180e-21
1600.0  11.836698   2.2464e-05   2.2464e-05   2.2464e-05   2.2464e-05   8.4322e-22   8.4322e-22   8.4322e-22  -8.4322e-22  -8.4322e-22  -8.4322e-22
1605.0  11.840691   2.2514e-05   2.2515e-05   2.2515e-05   2.2515e-05  -1.4861e-21   3.0358e-21  -1.4861e-21   2.6133e-21   2.6133e-21   2.6133e-21
1610.0  11.844695   2.2565e-05   2.2565e-05   2.2565e-05   2.2565e-05   7.6349e-22   7.6349e-22   7.6349e-22  -7.6349e-22  -7.6349e-22  -7.6349e-22
1615.0  11.848710   2.2616e-05   2.2616e-05   2.2616e-05   2.2616e-05  -8.1241e-22  -8.1241e-22  -8.1241e-22   8.1241e-22   8.1241e-22   8.1241e-22
1620.0  11.852735   2.2667e-05   2.2667e-05   2.2667e-05   2.2667e-05   5.8538e-22   5.8538e-22   5.8538e-22  -5.8538e-22  -5.8538e-22  -5.8538e-22
1625.0  11.856770   2.2718e-05   2.2718e-05   2.2718e-05   2.2718e-05   7.7049e-22   1.9473e-21   7.7049e-22   2.0292e-21   2.0292e-21   2.0292e-21
1630.0  11.860816   2.2770e-05   2.2770e-05   2.2770e-05   2.2770e-05   4.9413e-22   4.9413e-22   4.9413e-22  -4.9413e-22  -4.9413e-22  -4.9413e-22
1635.0  11.864872   2.2821e-05   2.2822e-05   2.2822e-05   2.2822e-05   7.5355e-22   7.5355e-22   7.5355e-22  -7.5355e-22  -7.5355e-22  -7.5355e-22
1640.0  11.868939   2.2873e-05   2.2873e-05   2.2873e-05   2.2873e-05  -3.7369e-22  -3.7369e-22  -3.7369e-22   3.7369e-22   3.7369e-22   3.7369e-22
1645.0  11.873016   2.2925e-05   2.2925e-05   2.2925e-05   2.2925e-05  -8.2133e-22  -8.2133e-22  -8.2133e-22   8.2133e-22   8.2133e-22   8.2133e-22
1650.0  11.877104   2.2978e-05   2.2978e-05   2.2978e-05   2.2978e-05   7.5548e-22   1.9870e-21   7.5548e-22   2.0169e-21   2.0169e-21   2.0169e-21
1655.0  11.881203   2.3030e-05   2.3030e-05   2.3030e-05   2.3030e-05  -2.7961e-21   1.8346e-21  -2.7961e-21   2.1748e-21   2.1748e-21   2.1748e-21
1660.0  11.885313   2.3083e-05   2.3083e-05   2.3083e-05   2.3083e-05   2.2623e-22   2.2623e-22   2.2623e-22  -2.2623e-22  -2.2623e-22  -2.2623e-22
1665.0  11.889434   2.3136e-05   2.3136e-05   2.3136e-05   2.3136e-05  -2.0339e-21   2.6191e-21  -2.0339e-21   3.0955e-21   3.0955e-21   3.0955e-21
1670.0  11.893565   2.3189e-05   2.3189e-05   2.3189e-05   2.3189e-05   3.0955e-23   3.0955e-23   3.0955e-23  -3.0955e-23  -3.0955e-23  -3.0955e-23
1675.0  11.897708   2.3242e-05   2.3242e-05   2.3242e-05   2.3242e-05   4.4988e-22   4.4988e-22   4.4988e-22  -4.4988e-22  -4.4988e-22  -4.4988e-22
1680.0  11.901861   2.3295e-05   2.3296e-05   2.3296e-05   2.3296e-05  -1.8214e-21   2.8655e-21  -1.8214e-21   2.8661e-21   2.8661e-21   2.8661e-21
1685.0  11.906025   2.3349e-05   2.3349e-05   2.3349e-05   2.3349e-05  -1.7962e-21   2.9020e-21  -1.7962e-21   2.8353e-21   2.8353e-21   2.8353e-21
1690.0  11.910201   2.3403e-05   2.3403e-05   2.3403e-05   2.3403e-05   6.9764e-22   2.0191e-21   6.9764e-22   2.0298e-21   2.0298e-21   2.0298e-21
1695.0  11.914387   2.3457e-05   2.3457e-05   2.3457e-05   2.3457e-05   3.7805e-22   1.7109e-21   3.7805e-22   2.3436e-21   2.3436e-21   2.3436e-21
1700.0  11.918585   2.3511e-05   2.3512e-05   2.3512e-05   2.3512e-05  -6.4898e-23  -6.4898e-23  -6.4898e-23   6.4898e-23   6.4898e-23   6.4898e-23
1705.0  11.922794   2.3566e-05   2.3566e-05   2.3566e-05   2.3566e-05  -8.2595e-22  -8.2595e-22  -8.2595e-22   8.2595e-22   8.2595e-22   8.2595e-22
1710.0  11.927014   2.3621e-05   2.3621e-05   2.3621e-05   2.3621e-05  -4.4796e-22  -4.4796e-22  -4.4796e-22   4.4796e-22   4.4796e-22   4.4796e-22
1715.0  11.931246   2.3676e-05   2.3676e-05   2.3676e-05   2.3676e-05   1.3757e-22   1.3757e-22   1.3757e-22  -1.3757e-22  -1.3757e-22  -1.3757e-22
1720.0  11.935489   2.3731e-05   2.3731e-05   2.3731e-05   2.3731e-05  -7.4365e-22  -7.4365e-22  -7.4365e-22   7.4365e-22   7.4365e-22   7.4365e-22
1725.0  11.939743   2.3786e-05   2.3787e-05   2.3787e-05   2.3787e-05  -5.0155e-22  -5.0155e-22  -5.0155e-22   5.0155e-22   5.0155e-22   5.0155e-22
1730.0  11.944009   2.3842e-05   2.3842e-05   2.3842e-05   2.3842e-05   2.0231e-22   2.0231e-22   2.0231e-22  -2.0231e-22  -2.0231e-22  -2.0231e-22
1735.0  11.948286   2.3898e-05   2.3898e-05   2.3898e-05   2.3898e-05   4.2379e-22   1.8500e-21   4.2379e-22   2.2513e-21   2.2513e-21   2.2513e-21
1740.0  11.952575   2.3954e-05   2.3954e-05   2.3954e-05   2.3954e-05   1.2846e-22   1.2846e-22   1.2846e-22  -1.2846e-22  -1.2846e-22  -1.2846e-22
1745.0  11.956876   2.4010e-05   2.4011e-05   2.4011e-05   2.4011e-05   1.2169e-23   1.2169e-23   1.2169e-23  -1.2169e-23  -1.2169e-23  -1.2169e-23
1750.0  11.961188   2.4067e-05   2.4067e-05   2.4067e-05   2.4067e-05  -2.5407e-21   2.3094e-21  -2.5407e-21   1.8097e-21   1.8097e-21   1.8097e-21
1755.0  11.965512   2.4124e-05   2.4124e-05   2.4124e-05   2.4124e-05   5.1172e-22   5.1172e-22   5.1172e-22  -5.1172e-22  -5.1172e-22  -5.1172e-22
1760.0  11.969848   2.4181e-05   2.4181e-05   2.4181e-05   2.4181e-05  -4.4439e-22  -4.4439e-22  -4.4439e-22   4.4439e-22   4.4439e-22   4.4439e-22
1765.0  11.974195   2.4238e-05   2.4238e-05   2.4238e-05   2.4238e-05   2.3466e-22   2.3466e-22   2.3466e-22  -2.3466e-22  -2.3466e-22  -2.3466e-22
1770.0  11.978555   2.4296e-05   2.4296e-05   2.4296e-05   2.4296e-05  -3.8491e-22  -3.8491e-22  -3.8491e-22   3.8491e-22   3.8491e-22   3.8491e-22
1775.0  11.982926   2.4353e-05   2.4353e-05   2.4353e-05   2.4353e-05   1.8156e-22   1.7042e-21   1.8156e-22   2.4453e-21   2.4453e-21   2.4453e-21
1780.0  11.987309   2.4411e-05   2.4411e-05   2.4411e-05   2.4411e-05   1.7160e-22   1.7160e-22   1.7160e-22  -1.7160e-22  -1.7160e-22  -1.7160e-22
1785.0  11.991705   2.4469e-05   2.4470e-05   2.4470e-05   2.4470e-05   5.2712e-22   5.2712e-22   5.2712e-22  -5.2712e-22  -5.2712e-22  -5.2712e-22
1790.0  11.996112   2.4528e-05   2.4528e-05   2.4528e-05   2.4528e-05   8.6485e-23   8.6485e-23   8.6485e-23  -8.6485e-23  -8.6485e-23  -8.6485e-23
1795.0  12.000532   2.4587e-05   2.4587e-05   2.4587e-05   2.4587e-05  -7.0889e-22  -7.0889e-22  -7.0889e-22   7.0889e-22   7.0889e-22   7.0889e-22
1800.0  12.004964   2.4645e-05   2.4646e-05   2.4646e-05   2.4646e-05  -7.1892e-22  -7.1892e-22  -7.1892e-22   7.1892e-22   7.1892e-22   7.1892e-22
1805.0  12.009408   2.4705e-05   2.4705e-05   2.4705e-05   2.4705e-05  -2.6101e-22  -2.6101e-22  -2.6101e-22   2.6101e-22   2.6101e-22   2.6101e-22
1810.0  12.013865   2.4764e-05   2.4764e-05   2.4764e-05   2.4764e-05   2.2494e-22   2.2494e-22   2.2494e-22  -2.2494e-22  -2.2494e-22  -2.2494e-22
1815.0  12.018333   2.4824e-05   2.4824e-05   2.4824e-05   2.4824e-05  -2.2292e-21   2.7813e-21  -2.2292e-21   3.1121e-21   3.1121e-21   3.1121e-21
1820.0  12.022815   2.4883e-05   2.4884e-05   2.4884e-05   2.4884e-05  -1.4818e-22  -1.4818e-22  -1.4818e-22   1.4818e-22   1.4818e-22   1.4818e-22
1825.0  12.027308   2.4944e-05   2.4944e-05   2.4944e-05   2.4944e-05   4.7520e-22   2.1230e-21   4.7520e-22   2.0890e-21   2.0890e-21   2.0890e-21
1830.0  12.031815   2.5004e-05   2.5004e-05   2.5004e-05   2.5004e-05  -1.0749e-22  -1.0749e-22  -1.0749e-22   1.0749e-22   1.0749e-22   1.0749e-22
1835.0  12.036334   2.5065e-05   2.5065e-05   2.5065e-05   2.5065e-05   7.9394e-22   7.9394e-22   7.9394e-22  -7.9394e-22  -7.9394e-22  -7.9394e-22
1840.0  12.040865   2.5125e-05   2.5126e-05   2.5126e-05   2.5126e-05  -2.3315e-21   2.7431e-21  -2.3315e-21   3.1823e-21   3.1823e-21   3.1823e-21
1845.0  12.045410   2.5187e-05   2.5187e-05   2.5187e-05   2.5187e-05   1.3493e-22   1.8344e-21   1.3493e-22   2.4035e-21   2.4035e-21   2.4035e-21
1850.0  12.049967   2.5248e-05   2.5248e-05   2.5248e-05   2.5248e-05  -8.4826e-23  -8.4826e-23  -8.4826e-23   8.4826e-23   8.4826e-23   8.4826e-23
1855.0  12.054537   2.5310e-05   2.5310e-05   2.5310e-05   2.5310e-05  -1.0769e-22  -1.0769e-22  -1.0769e-22   1.0769e-22   1.0769e-22   1.0769e-22
1860.0  12.059120   2.5372e-05   2.5372e-05   2.5372e-05   2.5372e-05  -1.7658e-22  -1.7658e-22  -1.7658e-22   1.7658e-22   1.7658e-22   1.7658e-22
1865.0  12.063716   2.5434e-05   2.5434e-05   2.5434e-05   2.5434e-05   6.7999e-22   6.7999e-22   6.7999e-22  -6.7999e-22  -6.7999e-22  -6.7999e-22
1870.0  12.068325   2.5496e-05   2.5496e-05   2.5496e-05   2.5496e-05   3.6668e-22   3.6668e-22   3.6668e-22  -3.6668e-22  -3.6668e-22  -3.6668e-22
1875.0  12.072947   2.5559e-05   2.5559e-05   2.5559e-05   2.5559e-05  -1.6089e-22   3.3117e-21  -1.6089e-22   2.6598e-21   2.6598e-21   2.6598e-21
1880.0  12.077582   2.5622e-05   2.5622e-05   2.5622e-05   2.5622e-05  -3.5624e-22  -3.5624e-22  -3.5624e-22   3.5624e-22   3.5624e-22   3.5624e-22
1885.0  12.082230   2.5685e-05   2.5685e-05   2.5685e-05   2.5685e-05  -2.1158e-22  -2.1158e-22  -2.1158e-22   2.1158e-22   2.1158e-22   2.1158e-22
1890.0  12.086892   2.5748e-05   2.5748e-05   2.5748e-05   2.5748e-05   2.8074e-23   2.8074e-23   2.8074e-23  -2.8074e-23  -2.8074e-23  -2.8074e-23
1895.0  12.091567   2.5812e-05   2.5812e-05   2.5812e-05   2.5812e-05   5.6740e-22   2.3998e-21   5.6740e-22   1.9045e-21   1.9045e-21   1.9045e-21
1900.0  12.096255   2.5876e-05   2.5876e-05   2.5876e-05   2.5876e-05  -5.0496e-22   3.0352e-21  -5.0496e-22   2.9701e-21   2.9701e-21   2.9701e-21
1905.0  12.100957   2.5941e-05   2.5940e-05   2.5940e-05   2.5940e-05  -2.9399e-21   2.3080e-21  -2.9399e-21   2.0100e-21   2.0100e-21   2.0100e-21
1910.0  12.105672   2.6005e-05   2.6005e-05   2.6005e-05   2.6005e-05   7.6389e-22   7.6389e-22   7.6389e-22  -7.6389e-22  -7.6389e-22  -7.6389e-22
1915.0  12.110401   2.6070e-05   2.6070e-05   2.6070e-05   2.6070e-05   1.4631e-23   1.4631e-23   1.4631e-23  -1.4631e-23  -1.4631e-23  -1.4631e-23
1920.0  12.115144   2.6135e-05   2.6135e-05   2.6135e-05   2.6135e-05  -5.1578e-22  -5.1578e-22  -5.1578e-22   5.1578e-22   5.1578e-22   5.1578e-22
1925.0  12.119900   2.6200e-05   2.6200e-05   2.6200e-05   2.6200e-05   4.1504e-22   2.3301e-21   4.1504e-22   2.0155e-21   2.0155e-21   2.0155e-21
1930.0  12.124670   2.6266e-05   2.6266e-05   2.6266e-05   2.6266e-05  -2.2856e-21   3.0316e-21  -2.2856e-21   3.0152e-21   3.0152e-21   3.0152e-21
1935.0  12.129454   2.6332e-05   2.6332e-05   2.6332e-05   2.6332e-05   2.0718e-22   2.0718e-22   2.0718e-22  -2.0718e-22  -2.0718e-22  -2.0718e-22
1940.0  12.134252   2.6398e-05   2.6398e-05   2.6398e-05   2.6398e-05  -4.5679e-22  -4.5679e-22  -4.5679e-22   4.5679e-22   4.5679e-22   4.5679e-22
1945.0  12.139064   2.6465e-05   2.6465e-05   2.6465e-05   2.6465e-05   6.9902e-22   2.6704e-21   6.9902e-22   3.3975e-21   3.3975e-21   3.3975e-21
1950.0  12.143890   2.6532e-05   2.6532e-05   2.6532e-05   2.6532e-05  -1.1060e-22  -1.1060e-22  -1.1060e-22   1.1060e-22   1.1060e-22   1.1060e-22
1955.0  12.148730   2.6599e-05   2.6599e-05   2.6599e-05   2.6599e-05   7.4930e-22   7.4930e-22   7.4930e-22  -7.4930e-22  -7.4930e-22  -7.4930e-22
1960.0  12.153584   2.6666e-05   2.6666e-05   2.6666e-05   2.6666e-05   6.7196e-22   6.7196e-22   6.7196e-22  -6.7196e-22  -6.7196e-22  -6.7196e-22
1965.0  12.158453   2.6734e-05   2.6734e-05   2.6734e-05   2.6734e-05   6.6701e-22   2.6958e-21   6.6701e-22   3.4008e-21   3.4008e-21   3.4008e-21
1970.0  12.163335   2.6802e-05   2.6802e-05   2.6802e-05   2.6802e-05  -5.5805e-22  -5.5805e-22  -5.5805e-22   5.5805e-22   5.5805e-22   5.5805e-22
1975.0  12.168233   2.6870e-05   2.6870e-05   2.6870e-05   2.6870e-05  -1.6996e-22  -1.6996e-22  -1.6996e-22   1.6996e-22   1.6996e-22   1.6996e-22
1980.0  12.173144   2.6939e-05   2.6939e-05   2.6939e-05   2.6939e-05   7.8164e-22   7.8164e-22   7.8164e-22  -7.8164e-22  -7.8164e-22  -7.8164e-22
1985.0  12.178071   2.7008e-05   2.7007e-05   2.7007e-05   2.7007e-05  -8.0706e-22  -8.0706e-22  -8.0706e-22   8.0706e-22   8.0706e-22   8.0706e-22
1990.0  12.183011   2.7077e-05   2.7077e-05   2.7077e-05   2.7077e-05   7.4249e-22   7.4249e-22   7.4249e-22  -7.4249e-22  -7.4249e-22  -7.4249e-22
1995.0  12.187967   2.7146e-05   2.7146e-05   2.7146e-05   2.7146e-05   8.8413e-26   8.8413e-26   8.8413e-26  -8.8413e-26  -8.8413e-26  -8.8413e-26
2000.0  12.192937   2.7216e-05   2.7216e-05   2.7216e-05   2.7216e-05   5.7244e-22   5.7244e-22   5.7244e-22  -5.7244e-22  -5.7244e-22  -5.7244e-22
