#T volume alpha alpha_xx alpha_yy alpha_zz alpha_yz alpha_zy alpha_xz alpha_zx alpha_xy alpha_yx
5.0  11.603814   4.1291e-09   6.2687e-09   6.5391e-09   6.2509e-09   3.3779e-11  -1.7154e-11   1.4418e-10   3.5652e-10   2.7086e-10   5.0962e-10
10.0  11.603815   1.6939e-08   1.6087e-08   1.6781e-08   1.6041e-08   8.6690e-11  -4.4009e-11   3.6999e-10   9.1493e-10   6.9510e-10   1.3078e-09
15.0  11.603821   4.9039e-08   4.8443e-08   5.0533e-08   4.8305e-08   2.6104e-10  -1.3255e-10   1.1142e-09   2.7551e-09   2.0932e-09   3.9382e-09
20.0  11.603835   1.1906e-07   1.1749e-07   1.2255e-07   1.1715e-07   6.3304e-10  -3.2155e-10   2.7021e-09   6.6818e-09   5.0764e-09   9.5511e-09
25.0  11.603866   2.5499e-07   2.5174e-07   2.6260e-07   2.5103e-07   1.3562e-09  -6.8946e-10   5.7895e-09   1.4317e-08   1.0877e-08   2.0465e-08
30.0  11.603929   4.7972e-07   4.7345e-07   4.9388e-07   4.7212e-07   2.5497e-09  -1.2985e-09   1.0888e-08   2.6924e-08   2.0456e-08   3.8489e-08
35.0  11.604039   7.9955e-07   7.8899e-07   8.2306e-07   7.8678e-07   4.2462e-09  -2.1690e-09   1.8141e-08   4.4863e-08   3.4086e-08   6.4140e-08
40.0  11.604212   1.2051e-06   1.1891e-06   1.2405e-06   1.1859e-06   6.3934e-09  -3.2814e-09   2.7336e-08   6.7605e-08   5.1366e-08   9.6667e-08
45.0  11.604462   1.6783e-06   1.6559e-06   1.7276e-06   1.6514e-06   8.8900e-09  -4.5942e-09   3.8053e-08   9.4119e-08   7.1515e-08   1.3461e-07
50.0  11.604799   2.1982e-06   2.1688e-06   2.2628e-06   2.1631e-06   1.1621e-08  -6.0611e-09   4.9818e-08   1.2323e-07   9.3642e-08   1.7629e-07
55.0  11.605229   2.7456e-06   2.7087e-06   2.8264e-06   2.7019e-06   1.4477e-08  -7.6400e-09   6.2185e-08   1.5384e-07   1.1691e-07   2.2017e-07
60.0  11.605756   3.3043e-06   3.2596e-06   3.4017e-06   3.2518e-06   1.7368e-08  -9.2976e-09   7.4782e-08   1.8504e-07   1.4064e-07   2.6493e-07
65.0  11.606379   3.8618e-06   3.8092e-06   3.9757e-06   3.8006e-06   2.0221e-08  -1.1009e-08   8.7318e-08   2.1611e-07   1.6427e-07   3.0957e-07
70.0  11.607100   4.4088e-06   4.3483e-06   4.5391e-06   4.3391e-06   2.2983e-08  -1.2759e-08   9.9580e-08   2.4651e-07   1.8741e-07   3.5335e-07
75.0  11.607914   4.9389e-06   4.8705e-06   5.0852e-06   4.8612e-06   2.5617e-08  -1.4534e-08   1.1142e-07   2.7590e-07   2.0978e-07   3.9574e-07
80.0  11.608818   5.4480e-06   5.3718e-06   5.6097e-06   5.3627e-06   2.8097e-08  -1.6331e-08   1.2274e-07   3.0402e-07   2.3121e-07   4.3642e-07
85.0  11.609810   5.9335e-06   5.8497e-06   6.1101e-06   5.8411e-06   3.0408e-08  -1.8145e-08   1.3348e-07   3.3073e-07   2.5157e-07   4.7517e-07
90.0  11.610883   6.3943e-06   6.3029e-06   6.5851e-06   6.2952e-06   3.2543e-08  -1.9976e-08   1.4361e-07   3.5597e-07   2.7083e-07   5.1190e-07
95.0  11.612035   6.8300e-06   6.7312e-06   7.0344e-06   6.7248e-06   3.4498e-08  -2.1824e-08   1.5312e-07   3.7971e-07   2.8895e-07   5.4658e-07
100.0  11.613261   7.2409e-06   7.1347e-06   7.4583e-06   7.1300e-06   3.6275e-08  -2.3692e-08   1.6203e-07   4.0196e-07   3.0596e-07   5.7924e-07
105.0  11.614557   7.6277e-06   7.5143e-06   7.8574e-06   7.5117e-06   3.7877e-08  -2.5580e-08   1.7033e-07   4.2277e-07   3.2187e-07   6.0992e-07
110.0  11.615918   7.9914e-06   7.8708e-06   8.2329e-06   7.8707e-06   3.9310e-08  -2.7493e-08   1.7807e-07   4.4219e-07   3.3674e-07   6.3870e-07
115.0  11.617340   8.3331e-06   8.2055e-06   8.5859e-06   8.2082e-06   4.0580e-08  -2.9431e-08   1.8526e-07   4.6029e-07   3.5062e-07   6.6568e-07
120.0  11.618821   8.6541e-06   8.5195e-06   8.9176e-06   8.5255e-06   4.1695e-08  -3.1397e-08   1.9193e-07   4.7713e-07   3.6355e-07   6.9096e-07
125.0  11.620356   8.9556e-06   8.8141e-06   9.2294e-06   8.8237e-06   4.2661e-08  -3.3395e-08   1.9812e-07   4.9280e-07   3.7559e-07   7.1464e-07
130.0  11.621942   9.2390e-06   9.0906e-06   9.5227e-06   9.1041e-06   4.3487e-08  -3.5425e-08   2.0384e-07   5.0736e-07   3.8680e-07   7.3681e-07
135.0  11.623576   9.5054e-06   9.3502e-06   9.7985e-06   9.3679e-06   4.4179e-08  -3.7490e-08   2.0914e-07   5.2088e-07   3.9722e-07   7.5759e-07
140.0  11.625256   9.7561e-06   9.5941e-06   1.0058e-05   9.6164e-06   4.4744e-08  -3.9591e-08   2.1403e-07   5.3343e-07   4.0691e-07   7.7705e-07
145.0  11.626978   9.9922e-06   9.8233e-06   1.0303e-05   9.8505e-06   4.5189e-08  -4.1732e-08   2.1855e-07   5.4508e-07   4.1593e-07   7.9530e-07
150.0  11.628740   1.0215e-05   1.0039e-05   1.0534e-05   1.0071e-05   4.5520e-08  -4.3913e-08   2.2272e-07   5.5589e-07   4.2430e-07   8.1241e-07
155.0  11.630540   1.0425e-05   1.0242e-05   1.0752e-05   1.0280e-05   4.5744e-08  -4.6136e-08   2.2657e-07   5.6591e-07   4.3208e-07   8.2847e-07
160.0  11.632377   1.0623e-05   1.0433e-05   1.0958e-05   1.0477e-05   4.5865e-08  -4.8402e-08   2.3010e-07   5.7520e-07   4.3930e-07   8.4355e-07
165.0  11.634247   1.0810e-05   1.0614e-05   1.1154e-05   1.0664e-05   4.5888e-08  -5.0714e-08   2.3335e-07   5.8381e-07   4.4601e-07   8.5772e-07
170.0  11.636149   1.0988e-05   1.0785e-05   1.1339e-05   1.0841e-05   4.5819e-08  -5.3071e-08   2.3634e-07   5.9178e-07   4.5224e-07   8.7104e-07
175.0  11.638082   1.1156e-05   1.0946e-05   1.1514e-05   1.1009e-05   4.5662e-08  -5.5476e-08   2.3907e-07   5.9916e-07   4.5801e-07   8.8358e-07
180.0  11.640044   1.1316e-05   1.1099e-05   1.1681e-05   1.1169e-05   4.5420e-08  -5.7930e-08   2.4157e-07   6.0598e-07   4.6337e-07   8.9538e-07
185.0  11.642033   1.1468e-05   1.1244e-05   1.1840e-05   1.1321e-05   4.5098e-08  -6.0433e-08   2.4385e-07   6.1228e-07   4.6833e-07   9.0650e-07
190.0  11.644049   1.1613e-05   1.1381e-05   1.1991e-05   1.1466e-05   4.4699e-08  -6.2987e-08   2.4593e-07   6.1810e-07   4.7292e-07   9.1698e-07
195.0  11.646089   1.1750e-05   1.1511e-05   1.2136e-05   1.1604e-05   4.4225e-08  -6.5593e-08   2.4781e-07   6.2346e-07   4.7716e-07   9.2687e-07
200.0  11.648154   1.1882e-05   1.1636e-05   1.2274e-05   1.1736e-05   4.3680e-08  -6.8252e-08   2.4951e-07   6.2839e-07   4.8108e-07   9.3621e-07
205.0  11.650241   1.2007e-05   1.1754e-05   1.2406e-05   1.1863e-05   4.3066e-08  -7.0964e-08   2.5104e-07   6.3292e-07   4.8469e-07   9.4502e-07
210.0  11.652350   1.2128e-05   1.1867e-05   1.2533e-05   1.1984e-05   4.2386e-08  -7.3732e-08   2.5240e-07   6.3707e-07   4.8801e-07   9.5335e-07
215.0  11.654480   1.2243e-05   1.1974e-05   1.2654e-05   1.2100e-05   4.1641e-08  -7.6555e-08   2.5362e-07   6.4087e-07   4.9106e-07   9.6122e-07
220.0  11.656630   1.2353e-05   1.2077e-05   1.2771e-05   1.2212e-05   4.0833e-08  -7.9434e-08   2.5469e-07   6.4433e-07   4.9385e-07   9.6867e-07
225.0  11.658800   1.2459e-05   1.2175e-05   1.2884e-05   1.2320e-05   3.9965e-08  -8.2371e-08   2.5562e-07   6.4748e-07   4.9639e-07   9.7571e-07
230.0  11.660988   1.2561e-05   1.2269e-05   1.2992e-05   1.2423e-05   3.9038e-08  -8.5366e-08   2.5642e-07   6.5032e-07   4.9871e-07   9.8237e-07
235.0  11.663194   1.2660e-05   1.2360e-05   1.3097e-05   1.2524e-05   3.8053e-08  -8.8420e-08   2.5710e-07   6.5288e-07   5.0081e-07   9.8868e-07
240.0  11.665417   1.2755e-05   1.2446e-05   1.3198e-05   1.2620e-05   3.7011e-08  -9.1534e-08   2.5766e-07   6.5517e-07   5.0269e-07   9.9466e-07
245.0  11.667658   1.2846e-05   1.2530e-05   1.3295e-05   1.2714e-05   3.5914e-08  -9.4710e-08   2.5811e-07   6.5721e-07   5.0438e-07   1.0003e-06
250.0  11.669914   1.2935e-05   1.2610e-05   1.3390e-05   1.2805e-05   3.4763e-08  -9.7946e-08   2.5844e-07   6.5899e-07   5.0588e-07   1.0057e-06
255.0  11.672186   1.3020e-05   1.2687e-05   1.3482e-05   1.2892e-05   3.3558e-08  -1.0125e-07   2.5868e-07   6.6055e-07   5.0719e-07   1.0107e-06
260.0  11.674473   1.3103e-05   1.2762e-05   1.3571e-05   1.2978e-05   3.2301e-08  -1.0461e-07   2.5881e-07   6.6188e-07   5.0833e-07   1.0155e-06
265.0  11.676775   1.3184e-05   1.2833e-05   1.3658e-05   1.3061e-05   3.0992e-08  -1.0804e-07   2.5885e-07   6.6299e-07   5.0931e-07   1.0201e-06
270.0  11.679091   1.3262e-05   1.2903e-05   1.3742e-05   1.3142e-05   2.9632e-08  -1.1153e-07   2.5880e-07   6.6390e-07   5.1012e-07   1.0244e-06
275.0  11.681421   1.3338e-05   1.2970e-05   1.3824e-05   1.3220e-05   2.8221e-08  -1.1509e-07   2.5866e-07   6.6461e-07   5.1077e-07   1.0284e-06
280.0  11.683765   1.3412e-05   1.3035e-05   1.3905e-05   1.3297e-05   2.6760e-08  -1.1871e-07   2.5843e-07   6.6514e-07   5.1128e-07   1.0323e-06
285.0  11.686122   1.3484e-05   1.3097e-05   1.3983e-05   1.3372e-05   2.5249e-08  -1.2240e-07   2.5811e-07   6.6547e-07   5.1164e-07   1.0359e-06
290.0  11.688492   1.3554e-05   1.3158e-05   1.4060e-05   1.3446e-05   2.3689e-08  -1.2616e-07   2.5772e-07   6.6564e-07   5.1187e-07   1.0393e-06
295.0  11.690875   1.3623e-05   1.3217e-05   1.4135e-05   1.3518e-05   2.2079e-08  -1.2999e-07   2.5725e-07   6.6563e-07   5.1195e-07   1.0426e-06
300.0  11.693270   1.3690e-05   1.3275e-05   1.4208e-05   1.3588e-05   2.0421e-08  -1.3389e-07   2.5670e-07   6.6545e-07   5.1190e-07   1.0456e-06
305.0  11.695677   1.3756e-05   1.3331e-05   1.4280e-05   1.3657e-05   1.8714e-08  -1.3786e-07   2.5607e-07   6.6511e-07   5.1173e-07   1.0485e-06
310.0  11.698097   1.3820e-05   1.3385e-05   1.4351e-05   1.3725e-05   1.6959e-08  -1.4191e-07   2.5537e-07   6.6461e-07   5.1143e-07   1.0511e-06
315.0  11.700527   1.3883e-05   1.3438e-05   1.4420e-05   1.3791e-05   1.5155e-08  -1.4602e-07   2.5460e-07   6.6397e-07   5.1100e-07   1.0536e-06
320.0  11.702970   1.3945e-05   1.3489e-05   1.4489e-05   1.3857e-05   1.3302e-08  -1.5021e-07   2.5376e-07   6.6317e-07   5.1046e-07   1.0560e-06
325.0  11.705423   1.4005e-05   1.3539e-05   1.4556e-05   1.3921e-05   1.1402e-08  -1.5448e-07   2.5285e-07   6.6223e-07   5.0980e-07   1.0582e-06
330.0  11.707888   1.4065e-05   1.3588e-05   1.4622e-05   1.3984e-05   9.4525e-09  -1.5881e-07   2.5188e-07   6.6114e-07   5.0902e-07   1.0602e-06
335.0  11.710363   1.4123e-05   1.3636e-05   1.4688e-05   1.4047e-05   7.4548e-09  -1.6323e-07   2.5083e-07   6.5991e-07   5.0813e-07   1.0621e-06
340.0  11.712849   1.4181e-05   1.3683e-05   1.4752e-05   1.4109e-05   5.4085e-09  -1.6772e-07   2.4972e-07   6.5855e-07   5.0713e-07   1.0639e-06
345.0  11.715346   1.4238e-05   1.3728e-05   1.4816e-05   1.4170e-05   3.3135e-09  -1.7229e-07   2.4855e-07   6.5705e-07   5.0602e-07   1.0655e-06
350.0  11.717853   1.4293e-05   1.3773e-05   1.4878e-05   1.4230e-05   1.1697e-09  -1.7695e-07   2.4731e-07   6.5542e-07   5.0480e-07   1.0669e-06
355.0  11.720371   1.4348e-05   1.3816e-05   1.4941e-05   1.4289e-05  -1.0232e-09  -1.8168e-07   2.4600e-07   6.5366e-07   5.0347e-07   1.0683e-06
360.0  11.722898   1.4403e-05   1.3859e-05   1.5002e-05   1.4348e-05  -3.2654e-09  -1.8649e-07   2.4464e-07   6.5177e-07   5.0204e-07   1.0695e-06
365.0  11.725436   1.4456e-05   1.3901e-05   1.5063e-05   1.4406e-05  -5.5570e-09  -1.9138e-07   2.4321e-07   6.4976e-07   5.0050e-07   1.0706e-06
370.0  11.727983   1.4509e-05   1.3942e-05   1.5123e-05   1.4464e-05  -7.8983e-09  -1.9636e-07   2.4172e-07   6.4761e-07   4.9886e-07   1.0715e-06
375.0  11.730541   1.4562e-05   1.3982e-05   1.5183e-05   1.4521e-05  -1.0290e-08  -2.0142e-07   2.4017e-07   6.4534e-07   4.9711e-07   1.0723e-06
380.0  11.733108   1.4614e-05   1.4022e-05   1.5242e-05   1.4578e-05  -1.2731e-08  -2.0656e-07   2.3855e-07   6.4295e-07   4.9527e-07   1.0730e-06
385.0  11.735685   1.4665e-05   1.4060e-05   1.5301e-05   1.4634e-05  -1.5224e-08  -2.1180e-07   2.3688e-07   6.4044e-07   4.9332e-07   1.0736e-06
390.0  11.738271   1.4716e-05   1.4098e-05   1.5360e-05   1.4690e-05  -1.7767e-08  -2.1711e-07   2.3514e-07   6.3780e-07   4.9127e-07   1.0741e-06
395.0  11.740867   1.4766e-05   1.4136e-05   1.5418e-05   1.4746e-05  -2.0362e-08  -2.2252e-07   2.3335e-07   6.3505e-07   4.8912e-07   1.0744e-06
400.0  11.743472   1.4816e-05   1.4173e-05   1.5475e-05   1.4801e-05  -2.3008e-08  -2.2802e-07   2.3149e-07   6.3217e-07   4.8687e-07   1.0746e-06
405.0  11.746087   1.4866e-05   1.4209e-05   1.5533e-05   1.4856e-05  -2.5706e-08  -2.3360e-07   2.2958e-07   6.2918e-07   4.8452e-07   1.0748e-06
410.0  11.748710   1.4915e-05   1.4244e-05   1.5590e-05   1.4910e-05  -2.8457e-08  -2.3928e-07   2.2760e-07   6.2606e-07   4.8207e-07   1.0748e-06
415.0  11.751343   1.4963e-05   1.4279e-05   1.5647e-05   1.4965e-05  -3.1261e-08  -2.4505e-07   2.2556e-07   6.2283e-07   4.7952e-07   1.0747e-06
420.0  11.753986   1.5012e-05   1.4314e-05   1.5703e-05   1.5019e-05  -3.4118e-08  -2.5092e-07   2.2347e-07   6.1947e-07   4.7687e-07   1.0744e-06
425.0  11.756637   1.5060e-05   1.4348e-05   1.5760e-05   1.5073e-05  -3.7029e-08  -2.5687e-07   2.2131e-07   6.1600e-07   4.7412e-07   1.0741e-06
430.0  11.759297   1.5108e-05   1.4381e-05   1.5816e-05   1.5126e-05  -3.9995e-08  -2.6293e-07   2.1909e-07   6.1241e-07   4.7127e-07   1.0737e-06
435.0  11.761966   1.5155e-05   1.4414e-05   1.5872e-05   1.5180e-05  -4.3014e-08  -2.6908e-07   2.1681e-07   6.0871e-07   4.6832e-07   1.0731e-06
440.0  11.764645   1.5202e-05   1.4447e-05   1.5928e-05   1.5233e-05  -4.6091e-08  -2.7533e-07   2.1447e-07   6.0488e-07   4.6527e-07   1.0725e-06
445.0  11.767332   1.5249e-05   1.4479e-05   1.5983e-05   1.5287e-05  -4.9214e-08  -2.8166e-07   2.1208e-07   6.0095e-07   4.6213e-07   1.0717e-06
450.0  11.770028   1.5296e-05   1.4511e-05   1.6039e-05   1.5340e-05  -5.2357e-08  -2.8803e-07   2.0966e-07   5.9697e-07   4.5895e-07   1.0709e-06
455.0  11.772733   1.5343e-05   1.4542e-05   1.6094e-05   1.5393e-05  -5.5511e-08  -2.9440e-07   2.0723e-07   5.9298e-07   4.5575e-07   1.0701e-06
460.0  11.775447   1.5389e-05   1.4573e-05   1.6150e-05   1.5445e-05  -5.8678e-08  -3.0080e-07   2.0478e-07   5.8895e-07   4.5251e-07   1.0692e-06
465.0  11.778169   1.5435e-05   1.4604e-05   1.6205e-05   1.5498e-05  -6.1858e-08  -3.0722e-07   2.0232e-07   5.8490e-07   4.4925e-07   1.0683e-06
470.0  11.780901   1.5481e-05   1.4635e-05   1.6260e-05   1.5551e-05  -6.5049e-08  -3.1365e-07   1.9985e-07   5.8082e-07   4.4595e-07   1.0673e-06
475.0  11.783641   1.5527e-05   1.4666e-05   1.6314e-05   1.5603e-05  -6.8251e-08  -3.2009e-07   1.9736e-07   5.7672e-07   4.4264e-07   1.0664e-06
480.0  11.786390   1.5573e-05   1.4696e-05   1.6369e-05   1.5655e-05  -7.1466e-08  -3.2656e-07   1.9485e-07   5.7260e-07   4.3929e-07   1.0653e-06
485.0  11.789148   1.5619e-05   1.4727e-05   1.6424e-05   1.5708e-05  -7.4691e-08  -3.3303e-07   1.9233e-07   5.6846e-07   4.3593e-07   1.0643e-06
490.0  11.791914   1.5665e-05   1.4757e-05   1.6478e-05   1.5760e-05  -7.7927e-08  -3.3953e-07   1.8980e-07   5.6430e-07   4.3253e-07   1.0632e-06
495.0  11.794689   1.5710e-05   1.4787e-05   1.6532e-05   1.5812e-05  -8.1174e-08  -3.4604e-07   1.8726e-07   5.6012e-07   4.2912e-07   1.0622e-06
500.0  11.797473   1.5756e-05   1.4817e-05   1.6587e-05   1.5864e-05  -8.4432e-08  -3.5256e-07   1.8471e-07   5.5592e-07   4.2568e-07   1.0610e-06
505.0  11.800265   1.5801e-05   1.4847e-05   1.6641e-05   1.5916e-05  -8.7699e-08  -3.5910e-07   1.8214e-07   5.5170e-07   4.2222e-07   1.0599e-06
510.0  11.803066   1.5846e-05   1.4876e-05   1.6695e-05   1.5968e-05  -9.0977e-08  -3.6565e-07   1.7957e-07   5.4747e-07   4.1874e-07   1.0587e-06
515.0  11.805876   1.5891e-05   1.4906e-05   1.6750e-05   1.6020e-05  -9.4265e-08  -3.7222e-07   1.7698e-07   5.4323e-07   4.1524e-07   1.0575e-06
520.0  11.808695   1.5937e-05   1.4935e-05   1.6804e-05   1.6072e-05  -9.7562e-08  -3.7880e-07   1.7438e-07   5.3897e-07   4.1172e-07   1.0563e-06
525.0  11.811522   1.5982e-05   1.4965e-05   1.6858e-05   1.6124e-05  -1.0087e-07  -3.8539e-07   1.7178e-07   5.3470e-07   4.0817e-07   1.0551e-06
530.0  11.814358   1.6027e-05   1.4994e-05   1.6912e-05   1.6176e-05  -1.0419e-07  -3.9199e-07   1.6916e-07   5.3042e-07   4.0461e-07   1.0538e-06
535.0  11.817203   1.6072e-05   1.5023e-05   1.6967e-05   1.6228e-05  -1.0751e-07  -3.9861e-07   1.6653e-07   5.2612e-07   4.0103e-07   1.0526e-06
540.0  11.820056   1.6117e-05   1.5053e-05   1.7021e-05   1.6280e-05  -1.1085e-07  -4.0524e-07   1.6390e-07   5.2182e-07   3.9744e-07   1.0513e-06
545.0  11.822918   1.6163e-05   1.5082e-05   1.7075e-05   1.6332e-05  -1.1419e-07  -4.1189e-07   1.6126e-07   5.1750e-07   3.9382e-07   1.0500e-06
550.0  11.825789   1.6208e-05   1.5111e-05   1.7129e-05   1.6384e-05  -1.1754e-07  -4.1854e-07   1.5860e-07   5.1318e-07   3.9019e-07   1.0486e-06
555.0  11.828668   1.6253e-05   1.5140e-05   1.7184e-05   1.6436e-05  -1.2090e-07  -4.2521e-07   1.5595e-07   5.0885e-07   3.8654e-07   1.0473e-06
560.0  11.831556   1.6298e-05   1.5169e-05   1.7238e-05   1.6488e-05  -1.2427e-07  -4.3188e-07   1.5328e-07   5.0451e-07   3.8287e-07   1.0459e-06
565.0  11.834453   1.6344e-05   1.5198e-05   1.7293e-05   1.6541e-05  -1.2765e-07  -4.3857e-07   1.5060e-07   5.0017e-07   3.7919e-07   1.0445e-06
570.0  11.837359   1.6389e-05   1.5227e-05   1.7347e-05   1.6593e-05  -1.3103e-07  -4.4527e-07   1.4792e-07   4.9582e-07   3.7550e-07   1.0431e-06
575.0  11.840273   1.6434e-05   1.5257e-05   1.7402e-05   1.6645e-05  -1.3442e-07  -4.5198e-07   1.4523e-07   4.9147e-07   3.7178e-07   1.0417e-06
580.0  11.843196   1.6480e-05   1.5286e-05   1.7456e-05   1.6698e-05  -1.3782e-07  -4.5870e-07   1.4254e-07   4.8711e-07   3.6806e-07   1.0403e-06
585.0  11.846128   1.6525e-05   1.5315e-05   1.7511e-05   1.6751e-05  -1.4123e-07  -4.6543e-07   1.3984e-07   4.8275e-07   3.6432e-07   1.0389e-06
590.0  11.849069   1.6571e-05   1.5344e-05   1.7566e-05   1.6803e-05  -1.4465e-07  -4.7217e-07   1.3713e-07   4.7839e-07   3.6056e-07   1.0374e-06
595.0  11.852019   1.6616e-05   1.5373e-05   1.7621e-05   1.6856e-05  -1.4807e-07  -4.7892e-07   1.3442e-07   4.7402e-07   3.5679e-07   1.0359e-06
600.0  11.854977   1.6662e-05   1.5403e-05   1.7676e-05   1.6909e-05  -1.5150e-07  -4.8568e-07   1.3170e-07   4.6965e-07   3.5301e-07   1.0345e-06
605.0  11.857944   1.6708e-05   1.5432e-05   1.7731e-05   1.6962e-05  -1.5494e-07  -4.9244e-07   1.2898e-07   4.6529e-07   3.4922e-07   1.0330e-06
610.0  11.860921   1.6754e-05   1.5461e-05   1.7786e-05   1.7015e-05  -1.5838e-07  -4.9922e-07   1.2625e-07   4.6092e-07   3.4541e-07   1.0315e-06
615.0  11.863906   1.6800e-05   1.5491e-05   1.7841e-05   1.7068e-05  -1.6183e-07  -5.0600e-07   1.2352e-07   4.5655e-07   3.4159e-07   1.0300e-06
620.0  11.866900   1.6846e-05   1.5520e-05   1.7897e-05   1.7122e-05  -1.6529e-07  -5.1279e-07   1.2078e-07   4.5219e-07   3.3776e-07   1.0285e-06
625.0  11.869903   1.6892e-05   1.5550e-05   1.7952e-05   1.7175e-05  -1.6875e-07  -5.1959e-07   1.1804e-07   4.4783e-07   3.3392e-07   1.0269e-06
630.0  11.872915   1.6938e-05   1.5579e-05   1.8008e-05   1.7229e-05  -1.7222e-07  -5.2640e-07   1.1530e-07   4.4347e-07   3.3007e-07   1.0254e-06
635.0  11.875936   1.6985e-05   1.5609e-05   1.8064e-05   1.7283e-05  -1.7570e-07  -5.3321e-07   1.1255e-07   4.3911e-07   3.2620e-07   1.0239e-06
640.0  11.878967   1.7031e-05   1.5639e-05   1.8120e-05   1.7337e-05  -1.7918e-07  -5.4003e-07   1.0980e-07   4.3476e-07   3.2233e-07   1.0223e-06
645.0  11.882006   1.7078e-05   1.5669e-05   1.8176e-05   1.7391e-05  -1.8266e-07  -5.4686e-07   1.0704e-07   4.3041e-07   3.1844e-07   1.0207e-06
650.0  11.885054   1.7125e-05   1.5699e-05   1.8232e-05   1.7445e-05  -1.8616e-07  -5.5369e-07   1.0428e-07   4.2607e-07   3.1455e-07   1.0192e-06
655.0  11.888112   1.7172e-05   1.5729e-05   1.8289e-05   1.7500e-05  -1.8966e-07  -5.6053e-07   1.0152e-07   4.2174e-07   3.1064e-07   1.0176e-06
660.0  11.891179   1.7219e-05   1.5759e-05   1.8345e-05   1.7554e-05  -1.9316e-07  -5.6738e-07   9.8757e-08   4.1741e-07   3.0673e-07   1.0160e-06
665.0  11.894254   1.7266e-05   1.5789e-05   1.8402e-05   1.7609e-05  -1.9667e-07  -5.7423e-07   9.5992e-08   4.1309e-07   3.0281e-07   1.0144e-06
670.0  11.897340   1.7314e-05   1.5819e-05   1.8459e-05   1.7664e-05  -2.0018e-07  -5.8108e-07   9.3224e-08   4.0877e-07   2.9888e-07   1.0128e-06
675.0  11.900434   1.7361e-05   1.5850e-05   1.8516e-05   1.7719e-05  -2.0370e-07  -5.8794e-07   9.0455e-08   4.0447e-07   2.9494e-07   1.0112e-06
680.0  11.903538   1.7409e-05   1.5881e-05   1.8573e-05   1.7775e-05  -2.0722e-07  -5.9481e-07   8.7684e-08   4.0018e-07   2.9099e-07   1.0096e-06
685.0  11.906651   1.7457e-05   1.5911e-05   1.8631e-05   1.7830e-05  -2.1075e-07  -6.0168e-07   8.4912e-08   3.9589e-07   2.8703e-07   1.0080e-06
690.0  11.909774   1.7505e-05   1.5942e-05   1.8689e-05   1.7886e-05  -2.1428e-07  -6.0855e-07   8.2138e-08   3.9162e-07   2.8307e-07   1.0064e-06
695.0  11.912906   1.7554e-05   1.5973e-05   1.8746e-05   1.7942e-05  -2.1782e-07  -6.1543e-07   7.9364e-08   3.8736e-07   2.7910e-07   1.0048e-06
700.0  11.916047   1.7602e-05   1.6004e-05   1.8804e-05   1.7998e-05  -2.2136e-07  -6.2231e-07   7.6590e-08   3.8311e-07   2.7512e-07   1.0032e-06
705.0  11.919198   1.7651e-05   1.6036e-05   1.8863e-05   1.8054e-05  -2.2491e-07  -6.2919e-07   7.3815e-08   3.7887e-07   2.7113e-07   1.0016e-06
710.0  11.922359   1.7699e-05   1.6067e-05   1.8921e-05   1.8111e-05  -2.2846e-07  -6.3607e-07   7.1040e-08   3.7465e-07   2.6714e-07   9.9994e-07
715.0  11.925529   1.7748e-05   1.6099e-05   1.8980e-05   1.8168e-05  -2.3201e-07  -6.4296e-07   6.8266e-08   3.7044e-07   2.6315e-07   9.9831e-07
720.0  11.928708   1.7798e-05   1.6131e-05   1.9039e-05   1.8225e-05  -2.3556e-07  -6.4985e-07   6.5491e-08   3.6624e-07   2.5914e-07   9.9669e-07
725.0  11.931898   1.7847e-05   1.6163e-05   1.9098e-05   1.8282e-05  -2.3912e-07  -6.5674e-07   6.2718e-08   3.6207e-07   2.5513e-07   9.9506e-07
730.0  11.935097   1.7897e-05   1.6195e-05   1.9157e-05   1.8339e-05  -2.4269e-07  -6.6363e-07   5.9945e-08   3.5790e-07   2.5112e-07   9.9343e-07
735.0  11.938306   1.7947e-05   1.6227e-05   1.9217e-05   1.8397e-05  -2.4625e-07  -6.7052e-07   5.7174e-08   3.5376e-07   2.4710e-07   9.9179e-07
740.0  11.941524   1.7997e-05   1.6259e-05   1.9276e-05   1.8455e-05  -2.4982e-07  -6.7741e-07   5.4404e-08   3.4963e-07   2.4308e-07   9.9016e-07
745.0  11.944753   1.8047e-05   1.6292e-05   1.9336e-05   1.8513e-05  -2.5339e-07  -6.8430e-07   5.1636e-08   3.4553e-07   2.3905e-07   9.8853e-07
750.0  11.947991   1.8097e-05   1.6325e-05   1.9396e-05   1.8572e-05  -2.5696e-07  -6.9120e-07   4.8870e-08   3.4144e-07   2.3502e-07   9.8690e-07
755.0  11.951240   1.8148e-05   1.6358e-05   1.9457e-05   1.8630e-05  -2.6054e-07  -6.9809e-07   4.6106e-08   3.3737e-07   2.3098e-07   9.8526e-07
760.0  11.954498   1.8199e-05   1.6391e-05   1.9518e-05   1.8689e-05  -2.6412e-07  -7.0497e-07   4.3345e-08   3.3332e-07   2.2694e-07   9.8363e-07
765.0  11.957767   1.8250e-05   1.6425e-05   1.9579e-05   1.8748e-05  -2.6770e-07  -7.1186e-07   4.0586e-08   3.2929e-07   2.2290e-07   9.8200e-07
770.0  11.961045   1.8302e-05   1.6458e-05   1.9640e-05   1.8808e-05  -2.7128e-07  -7.1875e-07   3.7831e-08   3.2529e-07   2.1885e-07   9.8038e-07
775.0  11.964334   1.8353e-05   1.6492e-05   1.9701e-05   1.8868e-05  -2.7486e-07  -7.2563e-07   3.5079e-08   3.2131e-07   2.1481e-07   9.7875e-07
780.0  11.967633   1.8405e-05   1.6526e-05   1.9763e-05   1.8928e-05  -2.7845e-07  -7.3251e-07   3.2330e-08   3.1735e-07   2.1076e-07   9.7713e-07
785.0  11.970942   1.8457e-05   1.6560e-05   1.9825e-05   1.8988e-05  -2.8203e-07  -7.3938e-07   2.9586e-08   3.1342e-07   2.0670e-07   9.7550e-07
790.0  11.974261   1.8510e-05   1.6595e-05   1.9887e-05   1.9048e-05  -2.8562e-07  -7.4626e-07   2.6845e-08   3.0951e-07   2.0265e-07   9.7389e-07
795.0  11.977591   1.8562e-05   1.6630e-05   1.9949e-05   1.9109e-05  -2.8920e-07  -7.5312e-07   2.4109e-08   3.0563e-07   1.9859e-07   9.7227e-07
800.0  11.980931   1.8615e-05   1.6665e-05   2.0012e-05   1.9170e-05  -2.9279e-07  -7.5999e-07   2.1378e-08   3.0178e-07   1.9454e-07   9.7066e-07
805.0  11.984282   1.8669e-05   1.6700e-05   2.0075e-05   1.9232e-05  -2.9638e-07  -7.6684e-07   1.8652e-08   2.9796e-07   1.9048e-07   9.6905e-07
810.0  11.987643   1.8722e-05   1.6735e-05   2.0138e-05   1.9293e-05  -2.9997e-07  -7.7370e-07   1.5932e-08   2.9416e-07   1.8642e-07   9.6745e-07
815.0  11.991015   1.8776e-05   1.6771e-05   2.0202e-05   1.9355e-05  -3.0356e-07  -7.8054e-07   1.3217e-08   2.9039e-07   1.8237e-07   9.6585e-07
820.0  11.994397   1.8830e-05   1.6807e-05   2.0266e-05   1.9418e-05  -3.0714e-07  -7.8738e-07   1.0508e-08   2.8666e-07   1.7831e-07   9.6426e-07
825.0  11.997791   1.8884e-05   1.6843e-05   2.0330e-05   1.9480e-05  -3.1073e-07  -7.9421e-07   7.8060e-09   2.8296e-07   1.7425e-07   9.6267e-07
830.0  12.001194   1.8939e-05   1.6879e-05   2.0394e-05   1.9543e-05  -3.1431e-07  -8.0103e-07   5.1103e-09   2.7929e-07   1.7020e-07   9.6109e-07
835.0  12.004609   1.8994e-05   1.6916e-05   2.0459e-05   1.9606e-05  -3.1790e-07  -8.0785e-07   2.4217e-09   2.7565e-07   1.6614e-07   9.5951e-07
840.0  12.008035   1.9049e-05   1.6953e-05   2.0524e-05   1.9670e-05  -3.2148e-07  -8.1465e-07  -2.5958e-10   2.7205e-07   1.6209e-07   9.5795e-07
845.0  12.011471   1.9104e-05   1.6990e-05   2.0590e-05   1.9734e-05  -3.2506e-07  -8.2145e-07  -2.9331e-09   2.6848e-07   1.5804e-07   9.5639e-07
850.0  12.014919   1.9160e-05   1.7028e-05   2.0655e-05   1.9798e-05  -3.2864e-07  -8.2823e-07  -5.5986e-09   2.6495e-07   1.5399e-07   9.5483e-07
855.0  12.018378   1.9216e-05   1.7065e-05   2.0721e-05   1.9862e-05  -3.3222e-07  -8.3500e-07  -8.2557e-09   2.6146e-07   1.4994e-07   9.5329e-07
860.0  12.021847   1.9272e-05   1.7104e-05   2.0787e-05   1.9927e-05  -3.3580e-07  -8.4177e-07  -1.0904e-08   2.5800e-07   1.4590e-07   9.5175e-07
865.0  12.025328   1.9329e-05   1.7142e-05   2.0854e-05   1.9992e-05  -3.3937e-07  -8.4852e-07  -1.3543e-08   2.5459e-07   1.4186e-07   9.5022e-07
870.0  12.028821   1.9386e-05   1.7181e-05   2.0921e-05   2.0058e-05  -3.4294e-07  -8.5526e-07  -1.6173e-08   2.5121e-07   1.3783e-07   9.4870e-07
875.0  12.032324   1.9444e-05   1.7220e-05   2.0988e-05   2.0124e-05  -3.4651e-07  -8.6198e-07  -1.8792e-08   2.4788e-07   1.3380e-07   9.4719e-07
880.0  12.035839   1.9501e-05   1.7259e-05   2.1056e-05   2.0190e-05  -3.5007e-07  -8.6869e-07  -2.1402e-08   2.4459e-07   1.2977e-07   9.4569e-07
885.0  12.039366   1.9559e-05   1.7298e-05   2.1124e-05   2.0256e-05  -3.5363e-07  -8.7539e-07  -2.4000e-08   2.4134e-07   1.2575e-07   9.4420e-07
890.0  12.042904   1.9618e-05   1.7338e-05   2.1192e-05   2.0323e-05  -3.5718e-07  -8.8207e-07  -2.6588e-08   2.3814e-07   1.2174e-07   9.4272e-07
895.0  12.046453   1.9676e-05   1.7379e-05   2.1260e-05   2.0390e-05  -3.6073e-07  -8.8873e-07  -2.9164e-08   2.3499e-07   1.1773e-07   9.4125e-07
900.0  12.050015   1.9735e-05   1.7419e-05   2.1329e-05   2.0458e-05  -3.6428e-07  -8.9538e-07  -3.1728e-08   2.3188e-07   1.1373e-07   9.3979e-07
905.0  12.053588   1.9795e-05   1.7460e-05   2.1399e-05   2.0526e-05  -3.6782e-07  -9.0201e-07  -3.4280e-08   2.2882e-07   1.0973e-07   9.3835e-07
910.0  12.057172   1.9854e-05   1.7501e-05   2.1468e-05   2.0594e-05  -3.7135e-07  -9.0862e-07  -3.6819e-08   2.2581e-07   1.0575e-07   9.3692e-07
915.0  12.060769   1.9915e-05   1.7543e-05   2.1538e-05   2.0663e-05  -3.7488e-07  -9.1521e-07  -3.9344e-08   2.2285e-07   1.0177e-07   9.3550e-07
920.0  12.064378   1.9975e-05   1.7585e-05   2.1608e-05   2.0732e-05  -3.7841e-07  -9.2179e-07  -4.1856e-08   2.1994e-07   9.7797e-08   9.3409e-07
925.0  12.067999   2.0036e-05   1.7627e-05   2.1679e-05   2.0802e-05  -3.8192e-07  -9.2834e-07  -4.4354e-08   2.1709e-07   9.3835e-08   9.3270e-07
930.0  12.071632   2.0097e-05   1.7670e-05   2.1750e-05   2.0872e-05  -3.8543e-07  -9.3487e-07  -4.6837e-08   2.1429e-07   8.9882e-08   9.3133e-07
935.0  12.075277   2.0159e-05   1.7713e-05   2.1822e-05   2.0942e-05  -3.8894e-07  -9.4138e-07  -4.9305e-08   2.1155e-07   8.5939e-08   9.2996e-07
940.0  12.078934   2.0221e-05   1.7756e-05   2.1893e-05   2.1013e-05  -3.9243e-07  -9.4786e-07  -5.1757e-08   2.0887e-07   8.2007e-08   9.2862e-07
945.0  12.082604   2.0283e-05   1.7800e-05   2.1966e-05   2.1084e-05  -3.9592e-07  -9.5432e-07  -5.4193e-08   2.0624e-07   7.8085e-08   9.2729e-07
950.0  12.086287   2.0346e-05   1.7844e-05   2.2038e-05   2.1155e-05  -3.9940e-07  -9.6076e-07  -5.6613e-08   2.0367e-07   7.4175e-08   9.2597e-07
955.0  12.089981   2.0409e-05   1.7888e-05   2.2111e-05   2.1227e-05  -4.0287e-07  -9.6717e-07  -5.9015e-08   2.0117e-07   7.0277e-08   9.2468e-07
960.0  12.093689   2.0472e-05   1.7933e-05   2.2185e-05   2.1300e-05  -4.0633e-07  -9.7355e-07  -6.1400e-08   1.9873e-07   6.6391e-08   9.2340e-07
965.0  12.097409   2.0536e-05   1.7978e-05   2.2258e-05   2.1372e-05  -4.0978e-07  -9.7991e-07  -6.3767e-08   1.9635e-07   6.2519e-08   9.2214e-07
970.0  12.101142   2.0601e-05   1.8024e-05   2.2332e-05   2.1446e-05  -4.1322e-07  -9.8624e-07  -6.6114e-08   1.9405e-07   5.8660e-08   9.2089e-07
975.0  12.104888   2.0665e-05   1.8070e-05   2.2407e-05   2.1519e-05  -4.1665e-07  -9.9253e-07  -6.8443e-08   1.9180e-07   5.4816e-08   9.1967e-07
980.0  12.108647   2.0731e-05   1.8117e-05   2.2482e-05   2.1593e-05  -4.2007e-07  -9.9880e-07  -7.0751e-08   1.8963e-07   5.0987e-08   9.1847e-07
985.0  12.112419   2.0796e-05   1.8164e-05   2.2557e-05   2.1668e-05  -4.2348e-07  -1.0050e-06  -7.3039e-08   1.8753e-07   4.7173e-08   9.1729e-07
990.0  12.116204   2.0862e-05   1.8211e-05   2.2633e-05   2.1743e-05  -4.2688e-07  -1.0112e-06  -7.5306e-08   1.8550e-07   4.3376e-08   9.1612e-07
995.0  12.120002   2.0929e-05   1.8259e-05   2.2709e-05   2.1818e-05  -4.3026e-07  -1.0174e-06  -7.7551e-08   1.8355e-07   3.9595e-08   9.1498e-07
1000.0  12.123813   2.0996e-05   1.8307e-05   2.2786e-05   2.1894e-05  -4.3364e-07  -1.0235e-06  -7.9773e-08   1.8167e-07   3.5832e-08   9.1387e-07
1005.0  12.127638   2.1063e-05   1.8356e-05   2.2863e-05   2.1970e-05  -4.3699e-07  -1.0296e-06  -8.1973e-08   1.7987e-07   3.2087e-08   9.1277e-07
1010.0  12.131477   2.1131e-05   1.8405e-05   2.2941e-05   2.2047e-05  -4.4034e-07  -1.0357e-06  -8.4149e-08   1.7815e-07   2.8361e-08   9.1170e-07
1015.0  12.135329   2.1199e-05   1.8455e-05   2.3019e-05   2.2124e-05  -4.4367e-07  -1.0417e-06  -8.6300e-08   1.7651e-07   2.4655e-08   9.1065e-07
1020.0  12.139195   2.1268e-05   1.8505e-05   2.3097e-05   2.2202e-05  -4.4698e-07  -1.0477e-06  -8.8426e-08   1.7496e-07   2.0969e-08   9.0963e-07
1025.0  12.143074   2.1337e-05   1.8556e-05   2.3176e-05   2.2280e-05  -4.5028e-07  -1.0536e-06  -9.0527e-08   1.7349e-07   1.7304e-08   9.0864e-07
1030.0  12.146968   2.1407e-05   1.8607e-05   2.3255e-05   2.2359e-05  -4.5357e-07  -1.0595e-06  -9.2601e-08   1.7210e-07   1.3660e-08   9.0767e-07
1035.0  12.150875   2.1477e-05   1.8658e-05   2.3335e-05   2.2438e-05  -4.5683e-07  -1.0654e-06  -9.4648e-08   1.7081e-07   1.0040e-08   9.0672e-07
1040.0  12.154797   2.1548e-05   1.8711e-05   2.3415e-05   2.2518e-05  -4.6008e-07  -1.0712e-06  -9.6667e-08   1.6961e-07   6.4430e-09   9.0581e-07
1045.0  12.158733   2.1619e-05   1.8763e-05   2.3496e-05   2.2598e-05  -4.6331e-07  -1.0770e-06  -9.8658e-08   1.6850e-07   2.8702e-09   9.0492e-07
1050.0  12.162683   2.1691e-05   1.8816e-05   2.3577e-05   2.2679e-05  -4.6653e-07  -1.0827e-06  -1.0062e-07   1.6748e-07  -6.7754e-10   9.0407e-07
1055.0  12.166647   2.1763e-05   1.8870e-05   2.3659e-05   2.2760e-05  -4.6972e-07  -1.0883e-06  -1.0255e-07   1.6657e-07  -4.1993e-09   9.0324e-07
1060.0  12.170626   2.1836e-05   1.8924e-05   2.3741e-05   2.2842e-05  -4.7290e-07  -1.0939e-06  -1.0445e-07   1.6575e-07  -7.6943e-09   9.0244e-07
1065.0  12.174620   2.1909e-05   1.8979e-05   2.3824e-05   2.2925e-05  -4.7605e-07  -1.0995e-06  -1.0632e-07   1.6504e-07  -1.1162e-08   9.0168e-07
1070.0  12.178629   2.1983e-05   1.9034e-05   2.3907e-05   2.3007e-05  -4.7918e-07  -1.1050e-06  -1.0815e-07   1.6443e-07  -1.4600e-08   9.0095e-07
1075.0  12.182652   2.2057e-05   1.9090e-05   2.3991e-05   2.3091e-05  -4.8229e-07  -1.1105e-06  -1.0995e-07   1.6393e-07  -1.8010e-08   9.0025e-07
1080.0  12.186690   2.2132e-05   1.9147e-05   2.4075e-05   2.3175e-05  -4.8538e-07  -1.1159e-06  -1.1172e-07   1.6353e-07  -2.1388e-08   8.9959e-07
1085.0  12.190744   2.2208e-05   1.9204e-05   2.4159e-05   2.3259e-05  -4.8845e-07  -1.1212e-06  -1.1345e-07   1.6325e-07  -2.4735e-08   8.9896e-07
1090.0  12.194812   2.2284e-05   1.9261e-05   2.4245e-05   2.3344e-05  -4.9149e-07  -1.1265e-06  -1.1514e-07   1.6308e-07  -2.8050e-08   8.9837e-07
1095.0  12.198896   2.2360e-05   1.9320e-05   2.4330e-05   2.3430e-05  -4.9451e-07  -1.1317e-06  -1.1680e-07   1.6303e-07  -3.1331e-08   8.9781e-07
1100.0  12.202995   2.2437e-05   1.9378e-05   2.4417e-05   2.3516e-05  -4.9750e-07  -1.1368e-06  -1.1842e-07   1.6310e-07  -3.4578e-08   8.9730e-07
1105.0  12.207110   2.2515e-05   1.9438e-05   2.4503e-05   2.3603e-05  -5.0046e-07  -1.1419e-06  -1.2000e-07   1.6329e-07  -3.7789e-08   8.9682e-07
1110.0  12.211241   2.2593e-05   1.9498e-05   2.4591e-05   2.3691e-05  -5.0340e-07  -1.1469e-06  -1.2154e-07   1.6361e-07  -4.0964e-08   8.9638e-07
1115.0  12.215387   2.2672e-05   1.9559e-05   2.4679e-05   2.3779e-05  -5.0631e-07  -1.1519e-06  -1.2303e-07   1.6405e-07  -4.4100e-08   8.9598e-07
1120.0  12.219549   2.2752e-05   1.9620e-05   2.4767e-05   2.3867e-05  -5.0919e-07  -1.1568e-06  -1.2449e-07   1.6463e-07  -4.7198e-08   8.9563e-07
1125.0  12.223728   2.2832e-05   1.9682e-05   2.4856e-05   2.3956e-05  -5.1204e-07  -1.1616e-06  -1.2590e-07   1.6533e-07  -5.0255e-08   8.9532e-07
1130.0  12.227922   2.2913e-05   1.9745e-05   2.4946e-05   2.4046e-05  -5.1486e-07  -1.1663e-06  -1.2726e-07   1.6618e-07  -5.3271e-08   8.9505e-07
1135.0  12.232133   2.2994e-05   1.9808e-05   2.5036e-05   2.4137e-05  -5.1764e-07  -1.1709e-06  -1.2858e-07   1.6716e-07  -5.6244e-08   8.9483e-07
1140.0  12.236360   2.3076e-05   1.9872e-05   2.5127e-05   2.4228e-05  -5.2040e-07  -1.1755e-06  -1.2986e-07   1.6829e-07  -5.9173e-08   8.9465e-07
1145.0  12.240604   2.3159e-05   1.9937e-05   2.5218e-05   2.4320e-05  -5.2312e-07  -1.1800e-06  -1.3108e-07   1.6956e-07  -6.2057e-08   8.9452e-07
1150.0  12.244864   2.3242e-05   2.0003e-05   2.5310e-05   2.4412e-05  -5.2580e-07  -1.1844e-06  -1.3226e-07   1.7098e-07  -6.4895e-08   8.9444e-07
1155.0  12.249142   2.3326e-05   2.0069e-05   2.5402e-05   2.4505e-05  -5.2846e-07  -1.1887e-06  -1.3338e-07   1.7256e-07  -6.7685e-08   8.9441e-07
1160.0  12.253436   2.3410e-05   2.0136e-05   2.5495e-05   2.4599e-05  -5.3107e-07  -1.1930e-06  -1.3445e-07   1.7429e-07  -7.0425e-08   8.9443e-07
1165.0  12.257747   2.3496e-05   2.0204e-05   2.5589e-05   2.4693e-05  -5.3364e-07  -1.1971e-06  -1.3547e-07   1.7618e-07  -7.3115e-08   8.9451e-07
1170.0  12.262076   2.3582e-05   2.0272e-05   2.5683e-05   2.4788e-05  -5.3618e-07  -1.2011e-06  -1.3644e-07   1.7823e-07  -7.5752e-08   8.9464e-07
1175.0  12.266422   2.3668e-05   2.0341e-05   2.5778e-05   2.4884e-05  -5.3868e-07  -1.2051e-06  -1.3734e-07   1.8045e-07  -7.8336e-08   8.9482e-07
1180.0  12.270786   2.3756e-05   2.0412e-05   2.5874e-05   2.4980e-05  -5.4113e-07  -1.2089e-06  -1.3819e-07   1.8284e-07  -8.0864e-08   8.9506e-07
1185.0  12.275167   2.3844e-05   2.0482e-05   2.5970e-05   2.5078e-05  -5.4355e-07  -1.2127e-06  -1.3898e-07   1.8541e-07  -8.3335e-08   8.9536e-07
1190.0  12.279567   2.3933e-05   2.0554e-05   2.6067e-05   2.5175e-05  -5.4591e-07  -1.2163e-06  -1.3971e-07   1.8815e-07  -8.5748e-08   8.9572e-07
1195.0  12.283984   2.4022e-05   2.0627e-05   2.6165e-05   2.5274e-05  -5.4824e-07  -1.2199e-06  -1.4038e-07   1.9108e-07  -8.8101e-08   8.9613e-07
1200.0  12.288419   2.4113e-05   2.0700e-05   2.6263e-05   2.5373e-05  -5.5052e-07  -1.2233e-06  -1.4099e-07   1.9419e-07  -9.0392e-08   8.9662e-07
1205.0  12.292873   2.4204e-05   2.0774e-05   2.6362e-05   2.5473e-05  -5.5275e-07  -1.2266e-06  -1.4153e-07   1.9749e-07  -9.2619e-08   8.9716e-07
1210.0  12.297345   2.4295e-05   2.0849e-05   2.6461e-05   2.5574e-05  -5.5493e-07  -1.2298e-06  -1.4200e-07   2.0099e-07  -9.4781e-08   8.9777e-07
1215.0  12.301836   2.4388e-05   2.0925e-05   2.6561e-05   2.5676e-05  -5.5706e-07  -1.2329e-06  -1.4240e-07   2.0470e-07  -9.6876e-08   8.9845e-07
1220.0  12.306346   2.4481e-05   2.1002e-05   2.6662e-05   2.5778e-05  -5.5914e-07  -1.2358e-06  -1.4273e-07   2.0860e-07  -9.8901e-08   8.9919e-07
1225.0  12.310875   2.4576e-05   2.1080e-05   2.6764e-05   2.5881e-05  -5.6116e-07  -1.2387e-06  -1.4299e-07   2.1271e-07  -1.0086e-07   9.0001e-07
1230.0  12.315422   2.4671e-05   2.1159e-05   2.6866e-05   2.5985e-05  -5.6313e-07  -1.2414e-06  -1.4318e-07   2.1704e-07  -1.0274e-07   9.0090e-07
1235.0  12.319990   2.4766e-05   2.1238e-05   2.6969e-05   2.6090e-05  -5.6504e-07  -1.2439e-06  -1.4329e-07   2.2159e-07  -1.0454e-07   9.0186e-07
1240.0  12.324576   2.4863e-05   2.1319e-05   2.7073e-05   2.6196e-05  -5.6690e-07  -1.2463e-06  -1.4332e-07   2.2636e-07  -1.0627e-07   9.0290e-07
1245.0  12.329182   2.4961e-05   2.1401e-05   2.7178e-05   2.6302e-05  -5.6869e-07  -1.2486e-06  -1.4327e-07   2.3136e-07  -1.0792e-07   9.0402e-07
1250.0  12.333809   2.5059e-05   2.1483e-05   2.7283e-05   2.6409e-05  -5.7043e-07  -1.2508e-06  -1.4314e-07   2.3659e-07  -1.0949e-07   9.0522e-07
1255.0  12.338455   2.5158e-05   2.1567e-05   2.7389e-05   2.6517e-05  -5.7210e-07  -1.2528e-06  -1.4293e-07   2.4207e-07  -1.1097e-07   9.0650e-07
1260.0  12.343121   2.5258e-05   2.1652e-05   2.7496e-05   2.6626e-05  -5.7371e-07  -1.2546e-06  -1.4263e-07   2.4779e-07  -1.1237e-07   9.0786e-07
1265.0  12.347808   2.5359e-05   2.1737e-05   2.7603e-05   2.6736e-05  -5.7525e-07  -1.2563e-06  -1.4224e-07   2.5376e-07  -1.1368e-07   9.0931e-07
1270.0  12.352515   2.5461e-05   2.1824e-05   2.7712e-05   2.6846e-05  -5.7672e-07  -1.2579e-06  -1.4177e-07   2.5998e-07  -1.1490e-07   9.1084e-07
1275.0  12.357243   2.5564e-05   2.1912e-05   2.7821e-05   2.6958e-05  -5.7812e-07  -1.2592e-06  -1.4119e-07   2.6647e-07  -1.1602e-07   9.1247e-07
1280.0  12.361992   2.5668e-05   2.2001e-05   2.7931e-05   2.7070e-05  -5.7944e-07  -1.2604e-06  -1.4053e-07   2.7323e-07  -1.1705e-07   9.1419e-07
1285.0  12.366763   2.5773e-05   2.2092e-05   2.8042e-05   2.7184e-05  -5.8070e-07  -1.2615e-06  -1.3976e-07   2.8027e-07  -1.1798e-07   9.1600e-07
1290.0  12.371554   2.5879e-05   2.2183e-05   2.8153e-05   2.7298e-05  -5.8187e-07  -1.2623e-06  -1.3890e-07   2.8759e-07  -1.1880e-07   9.1791e-07
1295.0  12.376367   2.5985e-05   2.2275e-05   2.8265e-05   2.7413e-05  -5.8297e-07  -1.2630e-06  -1.3793e-07   2.9519e-07  -1.1953e-07   9.1992e-07
1300.0  12.381202   2.6093e-05   2.2369e-05   2.8379e-05   2.7529e-05  -5.8399e-07  -1.2635e-06  -1.3686e-07   3.0309e-07  -1.2014e-07   9.2203e-07
1305.0  12.386059   2.6202e-05   2.2464e-05   2.8493e-05   2.7646e-05  -5.8492e-07  -1.2638e-06  -1.3568e-07   3.1130e-07  -1.2065e-07   9.2425e-07
1310.0  12.390939   2.6311e-05   2.2560e-05   2.8608e-05   2.7765e-05  -5.8577e-07  -1.2639e-06  -1.3439e-07   3.1981e-07  -1.2104e-07   9.2657e-07
1315.0  12.395840   2.6422e-05   2.2658e-05   2.8724e-05   2.7884e-05  -5.8653e-07  -1.2638e-06  -1.3298e-07   3.2864e-07  -1.2132e-07   9.2901e-07
1320.0  12.400764   2.6534e-05   2.2756e-05   2.8840e-05   2.8004e-05  -5.8720e-07  -1.2634e-06  -1.3146e-07   3.3780e-07  -1.2147e-07   9.3155e-07
1325.0  12.405711   2.6647e-05   2.2857e-05   2.8958e-05   2.8125e-05  -5.8778e-07  -1.2629e-06  -1.2982e-07   3.4728e-07  -1.2151e-07   9.3421e-07
1330.0  12.410682   2.6761e-05   2.2958e-05   2.9076e-05   2.8247e-05  -5.8826e-07  -1.2622e-06  -1.2806e-07   3.5711e-07  -1.2141e-07   9.3699e-07
1335.0  12.415675   2.6876e-05   2.3061e-05   2.9196e-05   2.8370e-05  -5.8864e-07  -1.2612e-06  -1.2617e-07   3.6729e-07  -1.2119e-07   9.3990e-07
1340.0  12.420692   2.6992e-05   2.3165e-05   2.9316e-05   2.8494e-05  -5.8892e-07  -1.2600e-06  -1.2415e-07   3.7782e-07  -1.2083e-07   9.4292e-07
1345.0  12.425733   2.7110e-05   2.3271e-05   2.9437e-05   2.8620e-05  -5.8910e-07  -1.2586e-06  -1.2200e-07   3.8872e-07  -1.2034e-07   9.4608e-07
1350.0  12.430798   2.7228e-05   2.3378e-05   2.9560e-05   2.8746e-05  -5.8917e-07  -1.2569e-06  -1.1971e-07   3.9999e-07  -1.1970e-07   9.4936e-07
1355.0  12.435887   2.7348e-05   2.3486e-05   2.9683e-05   2.8873e-05  -5.8913e-07  -1.2550e-06  -1.1729e-07   4.1164e-07  -1.1893e-07   9.5278e-07
1360.0  12.441001   2.7469e-05   2.3596e-05   2.9807e-05   2.9002e-05  -5.8905e-07  -1.2529e-06  -1.1479e-07   4.2353e-07  -1.1807e-07   9.5630e-07
1365.0  12.446140   2.7591e-05   2.3707e-05   2.9933e-05   2.9132e-05  -5.8897e-07  -1.2509e-06  -1.1226e-07   4.3552e-07  -1.1720e-07   9.5989e-07
1370.0  12.451303   2.7714e-05   2.3819e-05   3.0060e-05   2.9263e-05  -5.8889e-07  -1.2489e-06  -1.0970e-07   4.4763e-07  -1.1630e-07   9.6355e-07
1375.0  12.456492   2.7839e-05   2.3932e-05   3.0189e-05   2.9396e-05  -5.8881e-07  -1.2469e-06  -1.0711e-07   4.5986e-07  -1.1538e-07   9.6730e-07
1380.0  12.461707   2.7965e-05   2.4046e-05   3.0318e-05   2.9530e-05  -5.8873e-07  -1.2450e-06  -1.0448e-07   4.7220e-07  -1.1444e-07   9.7112e-07
1385.0  12.466947   2.8092e-05   2.4161e-05   3.0450e-05   2.9665e-05  -5.8866e-07  -1.2430e-06  -1.0183e-07   4.8467e-07  -1.1348e-07   9.7502e-07
1390.0  12.472213   2.8221e-05   2.4278e-05   3.0582e-05   2.9801e-05  -5.8859e-07  -1.2411e-06  -9.9146e-08   4.9725e-07  -1.1249e-07   9.7900e-07
1395.0  12.477506   2.8351e-05   2.4396e-05   3.0716e-05   2.9939e-05  -5.8852e-07  -1.2392e-06  -9.6429e-08   5.0996e-07  -1.1148e-07   9.8307e-07
1400.0  12.482826   2.8482e-05   2.4515e-05   3.0852e-05   3.0078e-05  -5.8845e-07  -1.2373e-06  -9.3680e-08   5.2279e-07  -1.1044e-07   9.8722e-07
1405.0  12.488173   2.8615e-05   2.4635e-05   3.0989e-05   3.0219e-05  -5.8839e-07  -1.2354e-06  -9.0896e-08   5.3575e-07  -1.0938e-07   9.9146e-07
1410.0  12.493546   2.8749e-05   2.4757e-05   3.1128e-05   3.0361e-05  -5.8833e-07  -1.2336e-06  -8.8079e-08   5.4883e-07  -1.0829e-07   9.9579e-07
1415.0  12.498948   2.8884e-05   2.4880e-05   3.1268e-05   3.0504e-05  -5.8827e-07  -1.2318e-06  -8.5227e-08   5.6205e-07  -1.0717e-07   1.0002e-06
1420.0  12.504377   2.9021e-05   2.5004e-05   3.1410e-05   3.0649e-05  -5.8822e-07  -1.2300e-06  -8.2340e-08   5.7539e-07  -1.0603e-07   1.0047e-06
1425.0  12.509835   2.9160e-05   2.5129e-05   3.1553e-05   3.0796e-05  -5.8817e-07  -1.2283e-06  -7.9417e-08   5.8887e-07  -1.0485e-07   1.0093e-06
1430.0  12.515321   2.9300e-05   2.5256e-05   3.1699e-05   3.0944e-05  -5.8812e-07  -1.2265e-06  -7.6458e-08   6.0249e-07  -1.0365e-07   1.0141e-06
1435.0  12.520836   2.9441e-05   2.5384e-05   3.1845e-05   3.1094e-05  -5.8808e-07  -1.2248e-06  -7.3462e-08   6.1624e-07  -1.0242e-07   1.0189e-06
1440.0  12.526380   2.9584e-05   2.5514e-05   3.1994e-05   3.1245e-05  -5.8804e-07  -1.2231e-06  -7.0428e-08   6.3014e-07  -1.0116e-07   1.0238e-06
1445.0  12.531954   2.9729e-05   2.5645e-05   3.2144e-05   3.1398e-05  -5.8801e-07  -1.2215e-06  -6.7356e-08   6.4418e-07  -9.9869e-08   1.0288e-06
1450.0  12.537557   2.9876e-05   2.5778e-05   3.2296e-05   3.1552e-05  -5.8798e-07  -1.2199e-06  -6.4245e-08   6.5836e-07  -9.8546e-08   1.0339e-06
1455.0  12.543191   3.0024e-05   2.5912e-05   3.2450e-05   3.1708e-05  -5.8795e-07  -1.2183e-06  -6.1094e-08   6.7268e-07  -9.7191e-08   1.0392e-06
1460.0  12.548855   3.0173e-05   2.6047e-05   3.2606e-05   3.1866e-05  -5.8793e-07  -1.2168e-06  -5.7903e-08   6.8716e-07  -9.5802e-08   1.0445e-06
1465.0  12.554550   3.0325e-05   2.6184e-05   3.2764e-05   3.2026e-05  -5.8791e-07  -1.2153e-06  -5.4671e-08   7.0178e-07  -9.4379e-08   1.0500e-06
1470.0  12.560276   3.0478e-05   2.6323e-05   3.2924e-05   3.2187e-05  -5.8790e-07  -1.2139e-06  -5.1396e-08   7.1656e-07  -9.2921e-08   1.0556e-06
1475.0  12.566034   3.0633e-05   2.6463e-05   3.3085e-05   3.2350e-05  -5.8790e-07  -1.2124e-06  -4.8080e-08   7.3150e-07  -9.1428e-08   1.0613e-06
1480.0  12.571825   3.0790e-05   2.6605e-05   3.3249e-05   3.2515e-05  -5.8790e-07  -1.2111e-06  -4.4719e-08   7.4659e-07  -8.9898e-08   1.0672e-06
1485.0  12.577647   3.0948e-05   2.6748e-05   3.3414e-05   3.2682e-05  -5.8790e-07  -1.2097e-06  -4.1315e-08   7.6184e-07  -8.8330e-08   1.0732e-06
1490.0  12.583502   3.1109e-05   2.6893e-05   3.3582e-05   3.2851e-05  -5.8792e-07  -1.2085e-06  -3.7865e-08   7.7726e-07  -8.6724e-08   1.0793e-06
1495.0  12.589391   3.1271e-05   2.7040e-05   3.3752e-05   3.3022e-05  -5.8794e-07  -1.2072e-06  -3.4369e-08   7.9284e-07  -8.5079e-08   1.0855e-06
1500.0  12.595313   3.1436e-05   2.7189e-05   3.3924e-05   3.3194e-05  -5.8796e-07  -1.2061e-06  -3.0827e-08   8.0859e-07  -8.3393e-08   1.0919e-06
1505.0  12.601269   3.1602e-05   2.7339e-05   3.4098e-05   3.3369e-05  -5.8799e-07  -1.2049e-06  -2.7237e-08   8.2451e-07  -8.1665e-08   1.0984e-06
1510.0  12.607260   3.1771e-05   2.7492e-05   3.4275e-05   3.3546e-05  -5.8803e-07  -1.2039e-06  -2.3598e-08   8.4061e-07  -7.9895e-08   1.1051e-06
1515.0  12.613286   3.1941e-05   2.7646e-05   3.4454e-05   3.3724e-05  -5.8808e-07  -1.2029e-06  -1.9909e-08   8.5688e-07  -7.8081e-08   1.1119e-06
1520.0  12.619347   3.2114e-05   2.7802e-05   3.4635e-05   3.3905e-05  -5.8814e-07  -1.2019e-06  -1.6170e-08   8.7333e-07  -7.6222e-08   1.1189e-06
1525.0  12.625444   3.2289e-05   2.7960e-05   3.4818e-05   3.4088e-05  -5.8820e-07  -1.2010e-06  -1.2380e-08   8.8997e-07  -7.4317e-08   1.1260e-06
1530.0  12.631577   3.2466e-05   2.8120e-05   3.5004e-05   3.4274e-05  -5.8828e-07  -1.2002e-06  -8.5372e-09   9.0679e-07  -7.2365e-08   1.1334e-06
1535.0  12.637747   3.2645e-05   2.8281e-05   3.5193e-05   3.4461e-05  -5.8836e-07  -1.1995e-06  -4.6406e-09   9.2380e-07  -7.0365e-08   1.1408e-06
1540.0  12.643954   3.2827e-05   2.8445e-05   3.5384e-05   3.4651e-05  -5.8845e-07  -1.1988e-06  -6.8943e-10   9.4100e-07  -6.8315e-08   1.1485e-06
1545.0  12.650199   3.3011e-05   2.8611e-05   3.5578e-05   3.4843e-05  -5.8855e-07  -1.1982e-06   3.3175e-09   9.5839e-07  -6.6213e-08   1.1563e-06
1550.0  12.656482   3.3197e-05   2.8779e-05   3.5774e-05   3.5038e-05  -5.8866e-07  -1.1976e-06   7.3814e-09   9.7599e-07  -6.4059e-08   1.1643e-06
1555.0  12.662804   3.3386e-05   2.8950e-05   3.5973e-05   3.5235e-05  -5.8879e-07  -1.1972e-06   1.1503e-08   9.9378e-07  -6.1851e-08   1.1725e-06
1560.0  12.669165   3.3577e-05   2.9122e-05   3.6175e-05   3.5434e-05  -5.8892e-07  -1.1968e-06   1.5685e-08   1.0118e-06  -5.9588e-08   1.1809e-06
1565.0  12.675566   3.3771e-05   2.9297e-05   3.6380e-05   3.5637e-05  -5.8907e-07  -1.1965e-06   1.9926e-08   1.0300e-06  -5.7268e-08   1.1895e-06
1570.0  12.682007   3.3968e-05   2.9474e-05   3.6588e-05   3.5841e-05  -5.8922e-07  -1.1964e-06   2.4230e-08   1.0484e-06  -5.4889e-08   1.1983e-06
1575.0  12.688489   3.4167e-05   2.9654e-05   3.6798e-05   3.6048e-05  -5.8939e-07  -1.1963e-06   2.8597e-08   1.0671e-06  -5.2450e-08   1.2072e-06
1580.0  12.695013   3.4369e-05   2.9836e-05   3.7012e-05   3.6258e-05  -5.8958e-07  -1.1963e-06   3.3028e-08   1.0859e-06  -4.9949e-08   1.2165e-06
1585.0  12.701579   3.4573e-05   3.0020e-05   3.7229e-05   3.6471e-05  -5.8977e-07  -1.1964e-06   3.7525e-08   1.1050e-06  -4.7384e-08   1.2259e-06
1590.0  12.708187   3.4781e-05   3.0207e-05   3.7449e-05   3.6687e-05  -5.8999e-07  -1.1966e-06   4.2089e-08   1.1243e-06  -4.4754e-08   1.2356e-06
1595.0  12.714839   3.4991e-05   3.0396e-05   3.7672e-05   3.6905e-05  -5.9021e-07  -1.1969e-06   4.6722e-08   1.1439e-06  -4.2057e-08   1.2455e-06
1600.0  12.721535   3.5205e-05   3.0588e-05   3.7899e-05   3.7127e-05  -5.9045e-07  -1.1973e-06   5.1425e-08   1.1637e-06  -3.9291e-08   1.2556e-06
1605.0  12.728275   3.5421e-05   3.0783e-05   3.8129e-05   3.7351e-05  -5.9071e-07  -1.1978e-06   5.6200e-08   1.1837e-06  -3.6453e-08   1.2660e-06
1610.0  12.735060   3.5641e-05   3.0981e-05   3.8363e-05   3.7579e-05  -5.9099e-07  -1.1985e-06   6.1048e-08   1.2040e-06  -3.3542e-08   1.2766e-06
1615.0  12.741892   3.5863e-05   3.1181e-05   3.8600e-05   3.7809e-05  -5.9128e-07  -1.1993e-06   6.5972e-08   1.2245e-06  -3.0555e-08   1.2875e-06
1620.0  12.748770   3.6089e-05   3.1384e-05   3.8841e-05   3.8043e-05  -5.9159e-07  -1.2002e-06   7.0972e-08   1.2453e-06  -2.7491e-08   1.2987e-06
1625.0  12.755695   3.6319e-05   3.1591e-05   3.9086e-05   3.8280e-05  -5.9192e-07  -1.2013e-06   7.6051e-08   1.2663e-06  -2.4346e-08   1.3102e-06
1630.0  12.762668   3.6552e-05   3.1800e-05   3.9334e-05   3.8521e-05  -5.9227e-07  -1.2025e-06   8.1210e-08   1.2876e-06  -2.1119e-08   1.3219e-06
1635.0  12.769690   3.6788e-05   3.2012e-05   3.9587e-05   3.8765e-05  -5.9264e-07  -1.2039e-06   8.6452e-08   1.3092e-06  -1.7807e-08   1.3340e-06
1640.0  12.776761   3.7028e-05   3.2228e-05   3.9844e-05   3.9012e-05  -5.9303e-07  -1.2054e-06   9.1777e-08   1.3310e-06  -1.4407e-08   1.3463e-06
1645.0  12.783883   3.7271e-05   3.2446e-05   4.0104e-05   3.9263e-05  -5.9345e-07  -1.2071e-06   9.7189e-08   1.3532e-06  -1.0917e-08   1.3590e-06
1650.0  12.791056   3.7519e-05   3.2668e-05   4.0370e-05   3.9518e-05  -5.9389e-07  -1.2090e-06   1.0269e-07   1.3756e-06  -7.3341e-09   1.3720e-06
1655.0  12.798280   3.7770e-05   3.2894e-05   4.0639e-05   3.9777e-05  -5.9435e-07  -1.2110e-06   1.0828e-07   1.3983e-06  -3.6549e-09   1.3853e-06
1660.0  12.805557   3.8025e-05   3.3123e-05   4.0913e-05   4.0039e-05  -5.9484e-07  -1.2132e-06   1.1396e-07   1.4213e-06   1.2333e-10   1.3990e-06
1665.0  12.812888   3.8284e-05   3.3355e-05   4.1192e-05   4.0305e-05  -5.9535e-07  -1.2156e-06   1.1974e-07   1.4446e-06   4.0038e-09   1.4130e-06
1670.0  12.820274   3.8547e-05   3.3592e-05   4.1475e-05   4.0576e-05  -5.9590e-07  -1.2182e-06   1.2562e-07   1.4683e-06   7.9898e-09   1.4274e-06
1675.0  12.827714   3.8815e-05   3.3832e-05   4.1763e-05   4.0851e-05  -5.9647e-07  -1.2210e-06   1.3159e-07   1.4922e-06   1.2085e-08   1.4422e-06
1680.0  12.835211   3.9087e-05   3.4075e-05   4.2057e-05   4.1130e-05  -5.9707e-07  -1.2241e-06   1.3767e-07   1.5165e-06   1.6292e-08   1.4574e-06
1685.0  12.842765   3.9364e-05   3.4323e-05   4.2355e-05   4.1413e-05  -5.9770e-07  -1.2273e-06   1.4385e-07   1.5411e-06   2.0615e-08   1.4730e-06
1690.0  12.850378   3.9645e-05   3.4575e-05   4.2659e-05   4.1701e-05  -5.9837e-07  -1.2308e-06   1.5014e-07   1.5660e-06   2.5059e-08   1.4890e-06
1695.0  12.858049   3.9931e-05   3.4831e-05   4.2968e-05   4.1993e-05  -5.9907e-07  -1.2346e-06   1.5654e-07   1.5913e-06   2.9626e-08   1.5054e-06
1700.0  12.865781   4.0221e-05   3.5091e-05   4.3283e-05   4.2291e-05  -5.9980e-07  -1.2386e-06   1.6306e-07   1.6169e-06   3.4322e-08   1.5224e-06
1705.0  12.873574   4.0517e-05   3.5356e-05   4.3603e-05   4.2593e-05  -6.0058e-07  -1.2428e-06   1.6969e-07   1.6429e-06   3.9150e-08   1.5397e-06
1710.0  12.881429   4.0818e-05   3.5625e-05   4.3930e-05   4.2900e-05  -6.0139e-07  -1.2474e-06   1.7643e-07   1.6693e-06   4.4116e-08   1.5576e-06
1715.0  12.889348   4.1124e-05   3.5899e-05   4.4262e-05   4.3212e-05  -6.0224e-07  -1.2522e-06   1.8331e-07   1.6960e-06   4.9223e-08   1.5759e-06
1720.0  12.897332   4.1436e-05   3.6178e-05   4.4601e-05   4.3529e-05  -6.0314e-07  -1.2573e-06   1.9030e-07   1.7232e-06   5.4477e-08   1.5948e-06
1725.0  12.905381   4.1753e-05   3.6461e-05   4.4947e-05   4.3852e-05  -6.0408e-07  -1.2628e-06   1.9743e-07   1.7507e-06   5.9883e-08   1.6142e-06
1730.0  12.913497   4.2076e-05   3.6750e-05   4.5299e-05   4.4181e-05  -6.0507e-07  -1.2686e-06   2.0469e-07   1.7786e-06   6.5447e-08   1.6342e-06
1735.0  12.921682   4.2405e-05   3.7044e-05   4.5658e-05   4.4515e-05  -6.0610e-07  -1.2747e-06   2.1209e-07   1.8069e-06   7.1173e-08   1.6547e-06
1740.0  12.929936   4.2740e-05   3.7343e-05   4.6024e-05   4.4855e-05  -6.0719e-07  -1.2812e-06   2.1963e-07   1.8357e-06   7.7069e-08   1.6758e-06
1745.0  12.938261   4.3082e-05   3.7647e-05   4.6397e-05   4.5202e-05  -6.0833e-07  -1.2881e-06   2.2732e-07   1.8649e-06   8.3139e-08   1.6976e-06
1750.0  12.946659   4.3430e-05   3.7958e-05   4.6778e-05   4.5554e-05  -6.0953e-07  -1.2953e-06   2.3515e-07   1.8945e-06   8.9392e-08   1.7200e-06
1755.0  12.955130   4.3784e-05   3.8274e-05   4.7167e-05   4.5913e-05  -6.1078e-07  -1.3030e-06   2.4314e-07   1.9246e-06   9.5832e-08   1.7431e-06
1760.0  12.963676   4.4146e-05   3.8596e-05   4.7563e-05   4.6279e-05  -6.1210e-07  -1.3111e-06   2.5128e-07   1.9552e-06   1.0247e-07   1.7668e-06
1765.0  12.972299   4.4515e-05   3.8925e-05   4.7968e-05   4.6651e-05  -6.1348e-07  -1.3197e-06   2.5959e-07   1.9862e-06   1.0931e-07   1.7913e-06
1770.0  12.981000   4.4891e-05   3.9260e-05   4.8382e-05   4.7031e-05  -6.1492e-07  -1.3287e-06   2.6807e-07   2.0177e-06   1.1636e-07   1.8165e-06
1775.0  12.989782   4.5274e-05   3.9601e-05   4.8805e-05   4.7418e-05  -6.1644e-07  -1.3382e-06   2.7672e-07   2.0497e-06   1.2363e-07   1.8425e-06
1780.0  12.998644   4.5666e-05   3.9949e-05   4.9236e-05   4.7812e-05  -6.1803e-07  -1.3482e-06   2.8555e-07   2.0823e-06   1.3112e-07   1.8693e-06
1785.0  13.007590   4.6065e-05   4.0305e-05   4.9677e-05   4.8214e-05  -6.1970e-07  -1.3588e-06   2.9456e-07   2.1153e-06   1.3886e-07   1.8970e-06
1790.0  13.016621   4.6473e-05   4.0668e-05   5.0128e-05   4.8624e-05  -6.2145e-07  -1.3700e-06   3.0377e-07   2.1489e-06   1.4684e-07   1.9255e-06
1795.0  13.025738   4.6890e-05   4.1038e-05   5.0590e-05   4.9043e-05  -6.2328e-07  -1.3817e-06   3.1317e-07   2.1831e-06   1.5508e-07   1.9550e-06
1800.0  13.034945   4.7316e-05   4.1416e-05   5.1061e-05   4.9470e-05  -6.2520e-07  -1.3941e-06   3.2277e-07   2.2178e-06   1.6358e-07   1.9854e-06
1805.0  13.044242   4.7750e-05   4.1802e-05   5.1544e-05   4.9905e-05  -6.2722e-07  -1.4071e-06   3.3259e-07   2.2531e-06   1.7236e-07   2.0168e-06
1810.0  13.053631   4.8195e-05   4.2197e-05   5.2038e-05   5.0350e-05  -6.2933e-07  -1.4208e-06   3.4262e-07   2.2890e-06   1.8143e-07   2.0492e-06
1815.0  13.063116   4.8649e-05   4.2600e-05   5.2544e-05   5.0805e-05  -6.3155e-07  -1.4352e-06   3.5288e-07   2.3255e-06   1.9080e-07   2.0827e-06
1820.0  13.072698   4.9114e-05   4.3012e-05   5.3062e-05   5.1269e-05  -6.3388e-07  -1.4504e-06   3.6337e-07   2.3626e-06   2.0049e-07   2.1173e-06
1825.0  13.082378   4.9590e-05   4.3433e-05   5.3593e-05   5.1743e-05  -6.3632e-07  -1.4663e-06   3.7410e-07   2.4004e-06   2.1051e-07   2.1531e-06
1830.0  13.092161   5.0076e-05   4.3864e-05   5.4137e-05   5.2228e-05  -6.3888e-07  -1.4832e-06   3.8508e-07   2.4389e-06   2.2087e-07   2.1901e-06
1835.0  13.102047   5.0575e-05   4.4306e-05   5.4694e-05   5.2724e-05  -6.4157e-07  -1.5009e-06   3.9632e-07   2.4780e-06   2.3159e-07   2.2284e-06
1840.0  13.112041   5.1085e-05   4.4757e-05   5.5266e-05   5.3231e-05  -6.4439e-07  -1.5195e-06   4.0783e-07   2.5179e-06   2.4269e-07   2.2680e-06
1845.0  13.122143   5.1607e-05   4.5219e-05   5.5853e-05   5.3750e-05  -6.4736e-07  -1.5391e-06   4.1962e-07   2.5585e-06   2.5417e-07   2.3091e-06
1850.0  13.132358   5.2143e-05   4.5693e-05   5.6455e-05   5.4281e-05  -6.5047e-07  -1.5597e-06   4.3169e-07   2.5999e-06   2.6607e-07   2.3516e-06
1855.0  13.142687   5.2692e-05   4.6178e-05   5.7073e-05   5.4825e-05  -6.5374e-07  -1.5814e-06   4.4407e-07   2.6420e-06   2.7840e-07   2.3957e-06
1860.0  13.153134   5.3255e-05   4.6675e-05   5.7708e-05   5.5382e-05  -6.5718e-07  -1.6043e-06   4.5675e-07   2.6849e-06   2.9118e-07   2.4414e-06
1865.0  13.163702   5.3833e-05   4.7185e-05   5.8360e-05   5.5953e-05  -6.6079e-07  -1.6283e-06   4.6977e-07   2.7286e-06   3.0444e-07   2.4887e-06
1870.0  13.174394   5.4426e-05   4.7708e-05   5.9031e-05   5.6538e-05  -6.6459e-07  -1.6537e-06   4.8311e-07   2.7732e-06   3.1819e-07   2.5379e-06
1875.0  13.185214   5.5034e-05   4.8245e-05   5.9721e-05   5.7137e-05  -6.6858e-07  -1.6803e-06   4.9682e-07   2.8187e-06   3.3246e-07   2.5889e-06
1880.0  13.196165   5.5660e-05   4.8796e-05   6.0431e-05   5.7753e-05  -6.7278e-07  -1.7084e-06   5.1088e-07   2.8651e-06   3.4728e-07   2.6419e-06
1885.0  13.207250   5.6303e-05   4.9362e-05   6.1162e-05   5.8385e-05  -6.7720e-07  -1.7381e-06   5.2533e-07   2.9124e-06   3.6267e-07   2.6970e-06
1890.0  13.218474   5.6964e-05   4.9944e-05   6.1914e-05   5.9033e-05  -6.8186e-07  -1.7693e-06   5.4018e-07   2.9607e-06   3.7867e-07   2.7543e-06
1895.0  13.229841   5.7644e-05   5.0542e-05   6.2690e-05   5.9700e-05  -6.8676e-07  -1.8022e-06   5.5544e-07   3.0100e-06   3.9531e-07   2.8138e-06
1900.0  13.241354   5.8344e-05   5.1157e-05   6.3489e-05   6.0385e-05  -6.9192e-07  -1.8369e-06   5.7114e-07   3.0603e-06   4.1263e-07   2.8758e-06
1905.0  13.253019   5.9064e-05   5.1790e-05   6.4314e-05   6.1089e-05  -6.9737e-07  -1.8735e-06   5.8729e-07   3.1117e-06   4.3065e-07   2.9404e-06
1910.0  13.264839   5.9807e-05   5.2442e-05   6.5166e-05   6.1813e-05  -7.0311e-07  -1.9121e-06   6.0392e-07   3.1642e-06   4.4943e-07   3.0076e-06
1915.0  13.276820   6.0573e-05   5.3113e-05   6.6045e-05   6.2559e-05  -7.0917e-07  -1.9529e-06   6.2105e-07   3.2178e-06   4.6900e-07   3.0778e-06
1920.0  13.288967   6.1362e-05   5.3806e-05   6.6954e-05   6.3327e-05  -7.1557e-07  -1.9960e-06   6.3870e-07   3.2727e-06   4.8940e-07   3.1509e-06
1925.0  13.301285   6.2178e-05   5.4520e-05   6.7894e-05   6.4119e-05  -7.2232e-07  -2.0416e-06   6.5690e-07   3.3288e-06   5.1070e-07   3.2273e-06
1930.0  13.313780   6.3020e-05   5.5257e-05   6.8866e-05   6.4936e-05  -7.2946e-07  -2.0897e-06   6.7567e-07   3.3862e-06   5.3294e-07   3.3071e-06
1935.0  13.326458   6.3890e-05   5.6018e-05   6.9873e-05   6.5778e-05  -7.3702e-07  -2.1406e-06   6.9505e-07   3.4449e-06   5.5618e-07   3.3905e-06
1940.0  13.339325   6.4790e-05   5.6804e-05   7.0916e-05   6.6648e-05  -7.4501e-07  -2.1946e-06   7.1507e-07   3.5050e-06   5.8048e-07   3.4778e-06
1945.0  13.352388   6.5721e-05   5.7618e-05   7.1998e-05   6.7546e-05  -7.5347e-07  -2.2517e-06   7.3576e-07   3.5665e-06   6.0592e-07   3.5692e-06
1950.0  13.365654   6.6686e-05   5.8460e-05   7.3121e-05   6.8476e-05  -7.6244e-07  -2.3122e-06   7.5716e-07   3.6296e-06   6.3256e-07   3.6649e-06
1955.0  13.379130   6.7686e-05   5.9332e-05   7.4288e-05   6.9437e-05  -7.7196e-07  -2.3764e-06   7.7931e-07   3.6942e-06   6.6048e-07   3.7653e-06
1960.0  13.392824   6.8723e-05   6.0236e-05   7.5500e-05   7.0433e-05  -7.8205e-07  -2.4445e-06   8.0225e-07   3.7604e-06   6.8978e-07   3.8708e-06
1965.0  13.406744   6.9800e-05   6.1174e-05   7.6762e-05   7.1465e-05  -7.9278e-07  -2.5168e-06   8.2603e-07   3.8284e-06   7.2054e-07   3.9815e-06
1970.0  13.420901   7.0920e-05   6.2147e-05   7.8076e-05   7.2536e-05  -8.0419e-07  -2.5938e-06   8.5070e-07   3.8982e-06   7.5288e-07   4.0980e-06
1975.0  13.435302   7.2084e-05   6.3160e-05   7.9445e-05   7.3647e-05  -8.1633e-07  -2.6756e-06   8.7631e-07   3.9698e-06   7.8691e-07   4.2206e-06
1980.0  13.449958   7.3297e-05   6.4212e-05   8.0875e-05   7.4803e-05  -8.2926e-07  -2.7628e-06   9.0293e-07   4.0434e-06   8.2274e-07   4.3499e-06
1985.0  13.464881   7.4561e-05   6.5309e-05   8.2368e-05   7.6004e-05  -8.4306e-07  -2.8557e-06   9.3062e-07   4.1190e-06   8.6053e-07   4.4862e-06
1990.0  13.480081   7.5880e-05   6.6452e-05   8.3930e-05   7.7256e-05  -8.5778e-07  -2.9549e-06   9.5945e-07   4.1967e-06   9.0042e-07   4.6303e-06
1995.0  13.495571   7.7258e-05   6.7646e-05   8.5566e-05   7.8561e-05  -8.7353e-07  -3.0609e-06   9.8950e-07   4.2768e-06   9.4260e-07   4.7827e-06
2000.0  13.511365   7.8699e-05   6.8892e-05   8.7280e-05   7.9923e-05  -8.9036e-07  -3.1741e-06   1.0208e-06   4.3591e-06   9.8718e-07   4.9439e-06
